Accuracy: 0.5814

Classification Report:
              precision    recall  f1-score   support

     Class 0       0.86      0.55      0.67        11
     Class 1       0.39      0.57      0.46        23
     Class 2       0.00      0.00      0.00         5
     Class 3       0.56      0.67      0.61        15
     Class 4       0.44      0.71      0.55        21
     Class 5       0.00      0.00      0.00         7
     Class 6       0.89      0.62      0.73        13
     Class 7       0.00      0.00      0.00         7
     Class 8       1.00      0.40      0.57         5
     Class 9       1.00      0.50      0.67         4
    Class 10       1.00      0.30      0.46        10
    Class 11       0.77      0.91      0.83        11
    Class 12       1.00      0.20      0.33         5
    Class 13       0.80      0.44      0.57         9
    Class 14       0.70      0.70      0.70        10
    Class 15       1.00      0.67      0.80         9
    Class 16       0.00      0.00      0.00         6
    Class 17       0.50      0.89      0.64        18
    Class 18       0.41      0.52      0.46        21
    Class 19       0.56      0.82      0.67        17
    Class 20       1.00      0.38      0.55         8
    Class 21       0.38      0.86      0.52        35
    Class 22       1.00      0.43      0.60         7
    Class 23       0.88      0.58      0.70        12
    Class 24       0.80      0.86      0.83        28
    Class 25       0.40      0.78      0.53        18
    Class 26       0.83      0.50      0.62        10
    Class 27       0.00      0.00      0.00         6
    Class 28       0.50      0.46      0.48        13
    Class 29       0.00      0.00      0.00         7
    Class 30       0.80      0.50      0.62         8
    Class 31       0.83      0.42      0.56        12
    Class 32       0.50      0.17      0.25         6
    Class 33       0.00      0.00      0.00         3
    Class 34       0.56      0.71      0.62        14
    Class 35       1.00      0.43      0.60         7
    Class 36       0.55      0.79      0.65        14
    Class 37       1.00      0.38      0.55         8
    Class 38       0.00      0.00      0.00         6
    Class 39       0.88      0.64      0.74        11
    Class 40       0.00      0.00      0.00         5
    Class 41       0.71      0.67      0.69        15
    Class 42       0.00      0.00      0.00         7
    Class 43       1.00      0.14      0.25         7
    Class 44       0.64      0.81      0.72        42
    Class 45       0.79      0.86      0.83        22
    Class 46       0.50      0.31      0.38        13

    accuracy                           0.58       571
   macro avg       0.58      0.45      0.47       571
weighted avg       0.60      0.58      0.55       571
