Classification Report for SVM_TFIDF_subject (Single Run)
Accuracy: 0.2435

              precision    recall  f1-score   support

     Class 0       0.00      0.00      0.00         1
     Class 5       0.00      0.00      0.00         0
     Class 8       0.00      0.00      0.00         2
     Class 9       0.00      0.00      0.00         1
    Class 10       0.00      0.00      0.00         0
    Class 11       0.00      0.00      0.00         0
    Class 12       0.00      0.00      0.00         1
    Class 13       0.00      0.00      0.00         0
    Class 14       0.00      0.00      0.00         0
    Class 16       0.00      0.00      0.00         1
    Class 17       0.00      0.00      0.00         0
    Class 18       0.00      0.00      0.00         1
    Class 19       0.00      0.00      0.00         2
    Class 20       0.00      0.00      0.00         0
    Class 22       0.00      0.00      0.00         0
    Class 23       0.00      0.00      0.00         0
    Class 24       0.00      0.00      0.00         0
    Class 25       1.00      0.25      0.40         4
    Class 26       0.00      0.00      0.00         1
    Class 27       0.00      0.00      0.00         1
    Class 28       0.00      0.00      0.00         0
    Class 29       0.00      0.00      0.00         1
    Class 30       0.00      0.00      0.00         0
    Class 31       0.00      0.00      0.00         0
    Class 32       0.00      0.00      0.00         2
    Class 33       0.00      0.00      0.00         1
    Class 34       1.00      1.00      1.00         2
    Class 35       0.00      0.00      0.00         0
    Class 36       0.00      0.00      0.00         0
    Class 37       0.00      0.00      0.00         2
    Class 39       0.00      0.00      0.00         0
    Class 40       0.00      0.00      0.00         0
    Class 41       0.00      0.00      0.00         1
    Class 42       0.00      0.00      0.00         1
    Class 43       0.00      0.00      0.00         0
    Class 44       0.00      0.00      0.00         0
    Class 45       0.00      0.00      0.00         0
    Class 46       0.00      0.00      0.00         0
    Class 47       0.00      0.00      0.00         0
    Class 48       0.00      0.00      0.00         0
    Class 49       0.00      0.00      0.00         0
    Class 50       0.00      0.00      0.00         0
    Class 51       0.00      0.00      0.00         0
    Class 52       0.00      0.00      0.00         0
    Class 53       0.00      0.00      0.00         3
    Class 54       0.00      0.00      0.00         0
    Class 56       0.00      0.00      0.00         1
    Class 57       0.00      0.00      0.00         2
    Class 58       0.00      0.00      0.00         0
    Class 59       1.00      1.00      1.00         3
    Class 61       0.20      0.67      0.31         3
    Class 62       0.00      0.00      0.00         1
    Class 63       0.50      0.50      0.50         2
    Class 64       0.00      0.00      0.00         0
    Class 65       0.00      0.00      0.00         0
    Class 66       0.00      0.00      0.00         2
    Class 67       0.00      0.00      0.00         0
    Class 68       0.00      0.00      0.00         0
    Class 69       0.00      0.00      0.00         1
    Class 71       0.00      0.00      0.00         0
    Class 74       0.00      0.00      0.00         1
    Class 75       0.40      0.67      0.50         3
    Class 76       0.00      0.00      0.00         0
    Class 77       0.00      0.00      0.00         0
    Class 78       0.00      0.00      0.00         0
    Class 79       0.00      0.00      0.00         0
    Class 80       0.00      0.00      0.00         3
    Class 81       0.00      0.00      0.00         0
    Class 82       0.00      0.00      0.00         0
    Class 83       0.00      0.00      0.00         2
    Class 85       0.00      0.00      0.00         0
    Class 86       0.00      0.00      0.00         1
    Class 87       0.00      0.00      0.00         0
    Class 88       0.00      0.00      0.00         0
    Class 90       0.00      0.00      0.00         1
    Class 91       0.00      0.00      0.00         0
    Class 92       0.00      0.00      0.00         0
    Class 93       0.00      0.00      0.00         0
    Class 94       0.00      0.00      0.00         0
    Class 96       0.00      0.00      0.00         2
   Class 100       0.00      0.00      0.00         0
   Class 101       0.00      0.00      0.00         1
   Class 103       0.00      0.00      0.00         1
   Class 105       0.00      0.00      0.00         0
   Class 107       0.00      0.00      0.00         0
   Class 108       0.00      0.00      0.00         2
   Class 109       0.00      0.00      0.00         1
   Class 110       0.00      0.00      0.00         0
   Class 111       0.00      0.00      0.00         0
   Class 112       0.43      1.00      0.60         3
   Class 114       1.00      1.00      1.00         1
   Class 115       0.00      0.00      0.00         0
   Class 116       0.00      0.00      0.00         1
   Class 117       0.00      0.00      0.00         0
   Class 119       0.00      0.00      0.00         0
   Class 120       0.33      0.33      0.33         3
   Class 122       0.00      0.00      0.00         1
   Class 123       0.00      0.00      0.00         1
   Class 124       0.00      0.00      0.00         0
   Class 126       0.00      0.00      0.00         1
   Class 129       1.00      0.33      0.50         3
   Class 130       0.00      0.00      0.00         0
   Class 131       0.00      0.00      0.00         0
   Class 132       0.00      0.00      0.00         1
   Class 133       0.00      0.00      0.00         1
   Class 134       0.00      0.00      0.00         1
   Class 135       0.00      0.00      0.00         0
   Class 136       0.00      0.00      0.00         0
   Class 138       0.00      0.00      0.00         1
   Class 139       0.00      0.00      0.00         0
   Class 140       0.00      0.00      0.00         0
   Class 141       0.00      0.00      0.00         1
   Class 142       0.00      0.00      0.00         0
   Class 143       0.00      0.00      0.00         0
   Class 144       0.00      0.00      0.00         0
   Class 145       0.00      0.00      0.00         0
   Class 146       0.00      0.00      0.00         0
   Class 147       0.00      0.00      0.00         0
   Class 148       0.00      0.00      0.00         1
   Class 150       0.00      0.00      0.00         1
   Class 151       0.00      0.00      0.00         0
   Class 153       0.40      0.67      0.50         3
   Class 154       0.00      0.00      0.00         0
   Class 155       0.00      0.00      0.00         0
   Class 156       0.00      0.00      0.00         0
   Class 157       0.00      0.00      0.00         0
   Class 159       0.00      0.00      0.00         0
   Class 160       0.00      0.00      0.00         1
   Class 161       0.00      0.00      0.00         0
   Class 162       0.00      0.00      0.00         1
   Class 165       0.00      0.00      0.00         0
   Class 166       0.00      0.00      0.00         1
   Class 167       0.00      0.00      0.00         2
   Class 168       0.00      0.00      0.00         1
   Class 169       0.00      0.00      0.00         1
   Class 170       0.00      0.00      0.00         2
   Class 171       0.00      0.00      0.00         0
   Class 173       0.00      0.00      0.00         0
   Class 175       0.00      0.00      0.00         2
   Class 176       1.00      1.00      1.00         1
   Class 177       0.00      0.00      0.00         0
   Class 178       0.00      0.00      0.00         0
   Class 179       0.00      0.00      0.00         0
   Class 181       0.00      0.00      0.00         0
   Class 183       0.00      0.00      0.00         0
   Class 184       0.00      0.00      0.00         1
   Class 185       0.00      0.00      0.00         4
   Class 186       0.00      0.00      0.00         0
   Class 188       0.00      0.00      0.00         0
   Class 189       0.00      0.00      0.00         0
   Class 195       0.00      0.00      0.00         1
   Class 196       0.00      0.00      0.00         0
   Class 197       0.00      0.00      0.00         0
   Class 198       0.00      0.00      0.00         0
   Class 199       0.00      0.00      0.00         1
   Class 200       0.00      0.00      0.00         0
   Class 202       0.00      0.00      0.00         2
   Class 203       0.00      0.00      0.00         0
   Class 205       1.00      0.64      0.78        11
   Class 206       0.00      0.00      0.00         0
   Class 207       0.00      0.00      0.00         0
   Class 208       0.00      0.00      0.00         3
   Class 210       0.00      0.00      0.00         0
   Class 211       0.00      0.00      0.00         0
   Class 214       0.00      0.00      0.00         1
   Class 215       0.00      0.00      0.00         2
   Class 217       0.00      0.00      0.00         1
   Class 218       0.00      0.00      0.00         1
   Class 219       0.00      0.00      0.00         1
   Class 221       0.00      0.00      0.00         0
   Class 222       0.00      0.00      0.00         0
   Class 224       0.00      0.00      0.00         0
   Class 225       0.60      0.75      0.67         4
   Class 227       0.00      0.00      0.00         0
   Class 229       0.00      0.00      0.00         0
   Class 230       0.00      0.00      0.00         0
   Class 231       0.00      0.00      0.00         0
   Class 232       0.00      0.00      0.00         2
   Class 233       1.00      0.50      0.67         6
   Class 234       0.00      0.00      0.00         1
   Class 235       0.00      0.00      0.00         0
   Class 236       0.00      0.00      0.00         0
   Class 237       0.00      0.00      0.00         1
   Class 238       0.00      0.00      0.00         1
   Class 239       0.00      0.00      0.00         0
   Class 240       1.00      0.33      0.50         3
   Class 241       0.00      0.00      0.00         1
   Class 242       0.00      0.00      0.00         0
   Class 243       0.00      0.00      0.00         1
   Class 244       0.00      0.00      0.00         0
   Class 245       0.00      0.00      0.00         3
   Class 247       0.00      0.00      0.00         0
   Class 248       0.00      0.00      0.00         1
   Class 249       0.00      0.00      0.00         1
   Class 250       0.00      0.00      0.00         1
   Class 251       0.00      0.00      0.00         0
   Class 252       0.00      0.00      0.00         1
   Class 253       0.00      0.00      0.00         0
   Class 254       0.00      0.00      0.00         0
   Class 255       0.00      0.00      0.00         0
   Class 256       0.00      0.00      0.00         0
   Class 257       0.00      0.00      0.00         0
   Class 258       0.00      0.00      0.00         1
   Class 259       0.00      0.00      0.00         1
   Class 260       0.00      0.00      0.00         1
   Class 261       0.00      0.00      0.00         0
   Class 262       0.50      0.40      0.44         5
   Class 263       0.00      0.00      0.00         0
   Class 264       0.00      0.00      0.00         0
   Class 266       0.00      0.00      0.00         2
   Class 267       0.00      0.00      0.00         0
   Class 268       0.00      0.00      0.00         1
   Class 269       0.00      0.00      0.00         0
   Class 270       0.00      0.00      0.00         1
   Class 272       0.00      0.00      0.00         0
   Class 275       0.00      0.00      0.00         0
   Class 277       0.00      0.00      0.00         0
   Class 278       0.00      0.00      0.00         1
   Class 279       0.00      0.00      0.00         0
   Class 282       0.00      0.00      0.00         0
   Class 283       0.00      0.00      0.00         1
   Class 284       0.00      0.00      0.00         2
   Class 285       0.00      0.00      0.00         3
   Class 286       0.00      0.00      0.00         2
   Class 288       0.00      0.00      0.00         0
   Class 290       0.00      0.00      0.00         0
   Class 292       1.00      1.00      1.00         2
   Class 293       0.00      0.00      0.00         1
   Class 295       0.00      0.00      0.00         0
   Class 296       0.00      0.00      0.00         2
   Class 297       0.00      0.00      0.00         0
   Class 298       0.00      0.00      0.00         0
   Class 301       0.00      0.00      0.00         2
   Class 302       0.00      0.00      0.00         1
   Class 303       0.00      0.00      0.00         0
   Class 304       0.00      0.00      0.00         0
   Class 306       1.00      1.00      1.00         1
   Class 307       0.50      0.50      0.50         2
   Class 308       0.00      0.00      0.00         0
   Class 310       0.00      0.00      0.00         0
   Class 312       0.00      0.00      0.00         0
   Class 313       0.00      0.00      0.00         2
   Class 314       0.00      0.00      0.00         0
   Class 316       0.00      0.00      0.00         0
   Class 317       0.00      0.00      0.00         0
   Class 318       0.00      0.00      0.00         3
   Class 319       0.00      0.00      0.00         0
   Class 320       0.00      0.00      0.00         2
   Class 321       0.00      0.00      0.00         0
   Class 324       0.00      0.00      0.00         0
   Class 325       0.00      0.00      0.00         2
   Class 326       0.00      0.00      0.00         1
   Class 327       0.00      0.00      0.00         1
   Class 329       0.00      0.00      0.00         2
   Class 330       0.00      0.00      0.00         0
   Class 331       0.05      0.93      0.10        55
   Class 334       0.00      0.00      0.00         0
   Class 335       0.00      0.00      0.00         1
   Class 336       0.00      0.00      0.00         0
   Class 337       1.00      1.00      1.00         1
   Class 338       0.00      0.00      0.00         0
   Class 339       0.00      0.00      0.00         0
   Class 341       0.00      0.00      0.00         0
   Class 342       0.00      0.00      0.00         0
   Class 343       0.00      0.00      0.00         2
   Class 344       0.67      1.00      0.80         2
   Class 345       0.00      0.00      0.00         0
   Class 346       0.00      0.00      0.00         0
   Class 347       0.00      0.00      0.00         0
   Class 348       0.00      0.00      0.00         3
   Class 349       0.00      0.00      0.00         0
   Class 350       0.00      0.00      0.00         2
   Class 351       0.00      0.00      0.00         1
   Class 352       0.00      0.00      0.00         0
   Class 353       0.00      0.00      0.00         0
   Class 354       0.00      0.00      0.00         1
   Class 355       0.00      0.00      0.00         0
   Class 356       0.00      0.00      0.00         1
   Class 359       1.00      0.50      0.67         4
   Class 360       0.00      0.00      0.00         0
   Class 361       0.00      0.00      0.00         1
   Class 362       0.00      0.00      0.00         1
   Class 363       0.00      0.00      0.00         0
   Class 364       0.00      0.00      0.00         1
   Class 365       0.00      0.00      0.00         1
   Class 366       0.00      0.00      0.00         1
   Class 367       0.00      0.00      0.00         0
   Class 368       0.00      0.00      0.00         1
   Class 369       0.00      0.00      0.00         0
   Class 370       0.00      0.00      0.00         1
   Class 372       0.00      0.00      0.00         1
   Class 373       0.00      0.00      0.00         0
   Class 374       0.00      0.00      0.00         0
   Class 375       0.00      0.00      0.00         0
   Class 377       0.00      0.00      0.00         1
   Class 378       0.00      0.00      0.00         2
   Class 380       0.00      0.00      0.00         0
   Class 381       0.00      0.00      0.00         0
   Class 382       0.00      0.00      0.00         3
   Class 383       0.00      0.00      0.00         1
   Class 384       0.00      0.00      0.00         0
   Class 385       0.00      0.00      0.00         1
   Class 386       0.00      0.00      0.00         0
   Class 387       0.00      0.00      0.00         0
   Class 388       0.00      0.00      0.00         0
   Class 389       0.00      0.00      0.00         2
   Class 390       0.00      0.00      0.00         0
   Class 391       0.00      0.00      0.00         0
   Class 392       0.00      0.00      0.00         0
   Class 393       0.00      0.00      0.00         1
   Class 394       0.00      0.00      0.00         0
   Class 395       0.00      0.00      0.00         1
   Class 396       0.00      0.00      0.00         0
   Class 397       0.00      0.00      0.00         1
   Class 398       0.00      0.00      0.00         1
   Class 399       0.00      0.00      0.00         0
   Class 400       0.00      0.00      0.00         0
   Class 401       0.00      0.00      0.00         0
   Class 402       0.00      0.00      0.00         2
   Class 403       0.00      0.00      0.00         0
   Class 404       0.00      0.00      0.00         0
   Class 408       0.00      0.00      0.00         0
   Class 411       0.00      0.00      0.00         0
   Class 412       0.00      0.00      0.00         0
   Class 413       0.00      0.00      0.00         0
   Class 416       0.00      0.00      0.00         0
   Class 417       0.00      0.00      0.00         1
   Class 419       0.00      0.00      0.00         0
   Class 420       0.00      0.00      0.00         0
   Class 422       0.00      0.00      0.00         0
   Class 423       0.00      0.00      0.00         2
   Class 424       0.00      0.00      0.00         0
   Class 425       0.00      0.00      0.00         0
   Class 426       0.00      0.00      0.00         0
   Class 429       0.00      0.00      0.00         1
   Class 430       0.00      0.00      0.00         1
   Class 431       0.00      0.00      0.00         1
   Class 433       0.00      0.00      0.00         1
   Class 434       0.00      0.00      0.00         3
   Class 435       0.00      0.00      0.00         1
   Class 436       0.00      0.00      0.00         0
   Class 437       0.00      0.00      0.00         0
   Class 438       0.00      0.00      0.00         0
   Class 439       0.00      0.00      0.00         0
   Class 440       0.00      0.00      0.00         1
   Class 442       0.00      0.00      0.00         1
   Class 443       0.75      0.60      0.67         5
   Class 444       0.00      0.00      0.00         0
   Class 445       0.00      0.00      0.00         0
   Class 447       0.00      0.00      0.00         0
   Class 449       0.00      0.00      0.00         1
   Class 451       0.00      0.00      0.00         2
   Class 452       0.00      0.00      0.00         2
   Class 454       0.00      0.00      0.00         1
   Class 456       0.00      0.00      0.00         0
   Class 459       0.00      0.00      0.00         1
   Class 460       0.00      0.00      0.00         1
   Class 461       0.00      0.00      0.00         0
   Class 464       0.00      0.00      0.00         0
   Class 465       0.00      0.00      0.00         0
   Class 467       0.00      0.00      0.00         2
   Class 469       0.00      0.00      0.00         0
   Class 470       0.00      0.00      0.00         0
   Class 471       0.00      0.00      0.00         0
   Class 472       0.00      0.00      0.00         0
   Class 473       0.00      0.00      0.00         0
   Class 474       0.00      0.00      0.00         0
   Class 476       0.00      0.00      0.00         1
   Class 477       0.10      0.29      0.15         7
   Class 478       0.00      0.00      0.00         0
   Class 479       0.00      0.00      0.00         0
   Class 482       0.00      0.00      0.00         1
   Class 485       0.00      0.00      0.00         0
   Class 486       0.00      0.00      0.00         2
   Class 488       0.00      0.00      0.00         0
   Class 489       0.00      0.00      0.00         0
   Class 490       0.00      0.00      0.00         0
   Class 492       0.00      0.00      0.00         0
   Class 493       0.00      0.00      0.00         0
   Class 494       0.00      0.00      0.00         0
   Class 495       0.00      0.00      0.00         2
   Class 496       0.00      0.00      0.00         0
   Class 497       0.00      0.00      0.00         3
   Class 498       0.00      0.00      0.00         0
   Class 499       0.00      0.00      0.00         0
   Class 500       0.00      0.00      0.00         3
   Class 501       0.00      0.00      0.00         2
   Class 503       0.00      0.00      0.00         0
   Class 504       0.00      0.00      0.00         0
   Class 506       0.00      0.00      0.00         2
   Class 507       0.00      0.00      0.00         0
   Class 509       0.00      0.00      0.00         0
   Class 511       0.00      0.00      0.00         1
   Class 512       0.00      0.00      0.00         1
   Class 513       1.00      1.00      1.00         1
   Class 514       0.33      0.29      0.31         7
   Class 515       0.00      0.00      0.00         1
   Class 516       0.00      0.00      0.00         0
   Class 518       0.00      0.00      0.00         0
   Class 519       0.00      0.00      0.00         1
   Class 520       0.00      0.00      0.00         0
   Class 521       0.00      0.00      0.00         2
   Class 522       0.00      0.00      0.00         1
   Class 523       0.00      0.00      0.00         0
   Class 524       0.00      0.00      0.00         0
   Class 525       0.00      0.00      0.00         1
   Class 527       0.00      0.00      0.00         0
   Class 528       0.00      0.00      0.00         1
   Class 529       0.00      0.00      0.00         0
   Class 531       0.00      0.00      0.00         1
   Class 532       1.00      0.40      0.57         5
   Class 533       0.00      0.00      0.00         0
   Class 536       0.00      0.00      0.00         1
   Class 537       0.00      0.00      0.00         0
   Class 538       1.00      1.00      1.00         1
   Class 540       0.00      0.00      0.00         2
   Class 541       0.00      0.00      0.00         0
   Class 542       0.00      0.00      0.00         2
   Class 544       0.00      0.00      0.00         1
   Class 546       0.00      0.00      0.00         2
   Class 548       0.00      0.00      0.00         1
   Class 549       0.00      0.00      0.00         1
   Class 550       0.00      0.00      0.00         1
   Class 551       0.00      0.00      0.00         0
   Class 552       0.00      0.00      0.00         0
   Class 553       0.00      0.00      0.00         1
   Class 554       0.00      0.00      0.00         1
   Class 555       0.57      0.57      0.57         7
   Class 557       0.00      0.00      0.00         0
   Class 558       0.00      0.00      0.00         2
   Class 560       0.00      0.00      0.00         0
   Class 561       0.00      0.00      0.00         1
   Class 562       0.00      0.00      0.00         0
   Class 563       0.71      1.00      0.83         5
   Class 564       0.44      0.44      0.44         9
   Class 565       0.00      0.00      0.00         0
   Class 566       0.00      0.00      0.00         0
   Class 568       1.00      1.00      1.00         3
   Class 569       0.00      0.00      0.00         2
   Class 570       0.00      0.00      0.00         0
   Class 571       0.00      0.00      0.00         0
   Class 572       1.00      1.00      1.00         3
   Class 574       0.00      0.00      0.00         3
   Class 575       0.00      0.00      0.00         1
   Class 576       0.00      0.00      0.00         0
   Class 577       0.67      0.67      0.67         3
   Class 578       0.00      0.00      0.00         0
   Class 581       0.00      0.00      0.00         1
   Class 582       0.00      0.00      0.00         1
   Class 583       0.00      0.00      0.00         1
   Class 586       0.00      0.00      0.00         0
   Class 587       0.00      0.00      0.00         0
   Class 588       0.50      0.50      0.50         4
   Class 589       0.00      0.00      0.00         0
   Class 590       0.00      0.00      0.00         0
   Class 592       1.00      0.75      0.86         4
   Class 593       0.00      0.00      0.00         0
   Class 594       0.75      0.43      0.55         7
   Class 595       0.00      0.00      0.00         1
   Class 596       0.00      0.00      0.00         3
   Class 597       0.00      0.00      0.00         0
   Class 598       0.00      0.00      0.00         0
   Class 599       0.00      0.00      0.00         2
   Class 600       0.00      0.00      0.00         0
   Class 602       0.00      0.00      0.00         1
   Class 603       0.00      0.00      0.00         1
   Class 604       0.00      0.00      0.00         1
   Class 605       0.00      0.00      0.00         0
   Class 606       0.00      0.00      0.00         0
   Class 607       0.00      0.00      0.00         0
   Class 608       0.00      0.00      0.00         1
   Class 610       0.00      0.00      0.00         1
   Class 611       0.00      0.00      0.00         2
   Class 613       0.00      0.00      0.00         1
   Class 614       0.00      0.00      0.00         0
   Class 615       0.00      0.00      0.00         0
   Class 616       0.00      0.00      0.00         1
   Class 618       0.00      0.00      0.00         2
   Class 619       0.00      0.00      0.00         0
   Class 620       0.00      0.00      0.00         0
   Class 621       0.00      0.00      0.00         0
   Class 622       0.00      0.00      0.00         0
   Class 623       0.00      0.00      0.00         0
   Class 624       0.00      0.00      0.00         2
   Class 625       0.00      0.00      0.00         0
   Class 626       0.00      0.00      0.00         0
   Class 628       0.00      0.00      0.00         1
   Class 629       1.00      1.00      1.00         1
   Class 631       0.00      0.00      0.00         1
   Class 632       0.00      0.00      0.00         0
   Class 633       0.00      0.00      0.00         1
   Class 634       0.00      0.00      0.00         0
   Class 636       0.00      0.00      0.00         0
   Class 637       0.00      0.00      0.00         0
   Class 638       0.69      0.75      0.72        12
   Class 639       0.00      0.00      0.00         1
   Class 641       0.00      0.00      0.00         0
   Class 642       0.00      0.00      0.00         0
   Class 644       1.00      0.33      0.50         3
   Class 645       0.00      0.00      0.00         1
   Class 646       0.00      0.00      0.00         1
   Class 648       0.00      0.00      0.00         0
   Class 649       0.00      0.00      0.00         0
   Class 650       0.00      0.00      0.00         0
   Class 651       0.00      0.00      0.00         0
   Class 653       1.00      1.00      1.00         1
   Class 654       0.00      0.00      0.00         0
   Class 655       0.00      0.00      0.00         0
   Class 656       0.00      0.00      0.00         2
   Class 657       0.00      0.00      0.00         0
   Class 658       0.00      0.00      0.00         0
   Class 660       0.00      0.00      0.00         1
   Class 661       0.75      0.60      0.67         5
   Class 662       0.00      0.00      0.00         0
   Class 663       0.00      0.00      0.00         0
   Class 665       0.00      0.00      0.00         1
   Class 667       0.00      0.00      0.00         2
   Class 668       0.00      0.00      0.00         0
   Class 669       0.00      0.00      0.00         0
   Class 672       0.00      0.00      0.00         1
   Class 673       0.00      0.00      0.00         0
   Class 674       0.00      0.00      0.00         1
   Class 676       0.57      0.80      0.67         5
   Class 677       0.00      0.00      0.00         0
   Class 678       0.00      0.00      0.00         0
   Class 679       0.50      0.50      0.50         2
   Class 680       0.00      0.00      0.00         1
   Class 681       0.00      0.00      0.00         0
   Class 682       0.00      0.00      0.00         0
   Class 684       0.00      0.00      0.00         0
   Class 685       0.00      0.00      0.00         1
   Class 686       0.00      0.00      0.00         1
   Class 687       0.00      0.00      0.00         0
   Class 689       1.00      0.33      0.50         3
   Class 690       0.00      0.00      0.00         0
   Class 691       0.00      0.00      0.00         1
   Class 692       0.00      0.00      0.00         1
   Class 693       0.00      0.00      0.00         0
   Class 694       0.00      0.00      0.00         0
   Class 695       0.00      0.00      0.00         1
   Class 696       0.00      0.00      0.00         0
   Class 697       0.00      0.00      0.00         0
   Class 698       0.00      0.00      0.00         0
   Class 699       0.00      0.00      0.00         0
   Class 700       1.00      0.20      0.33         5
   Class 701       0.00      0.00      0.00         0
   Class 702       0.00      0.00      0.00         0
   Class 703       0.67      0.40      0.50         5
   Class 705       0.00      0.00      0.00         0
   Class 706       0.00      0.00      0.00         1
   Class 708       0.00      0.00      0.00         0
   Class 709       0.00      0.00      0.00         1
   Class 710       0.00      0.00      0.00         0
   Class 711       0.00      0.00      0.00         0
   Class 713       0.00      0.00      0.00         1
   Class 714       0.00      0.00      0.00         0
   Class 715       0.00      0.00      0.00         1
   Class 717       0.00      0.00      0.00         2
   Class 718       0.00      0.00      0.00         0
   Class 719       0.00      0.00      0.00         0
   Class 720       0.75      1.00      0.86         3
   Class 721       0.00      0.00      0.00         0
   Class 722       0.00      0.00      0.00         0
   Class 723       0.00      0.00      0.00         1
   Class 724       0.00      0.00      0.00         1
   Class 725       0.20      0.50      0.29         2
   Class 726       0.00      0.00      0.00         0
   Class 727       0.00      0.00      0.00         0
   Class 728       0.00      0.00      0.00         0
   Class 729       0.00      0.00      0.00         0
   Class 730       0.00      0.00      0.00         1
   Class 731       0.00      0.00      0.00         1
   Class 732       0.00      0.00      0.00         1
   Class 733       0.00      0.00      0.00         1
   Class 735       0.00      0.00      0.00         0
   Class 736       0.00      0.00      0.00         1
   Class 738       0.00      0.00      0.00         0
   Class 740       0.00      0.00      0.00         1
   Class 741       0.00      0.00      0.00         2
   Class 742       0.00      0.00      0.00         2
   Class 744       0.00      0.00      0.00         1
   Class 745       0.00      0.00      0.00         0
   Class 746       0.00      0.00      0.00         0
   Class 747       1.00      0.50      0.67         2
   Class 748       0.00      0.00      0.00         4
   Class 749       0.00      0.00      0.00         0
   Class 750       0.00      0.00      0.00         1
   Class 751       0.00      0.00      0.00         1
   Class 752       0.00      0.00      0.00         1
   Class 753       0.00      0.00      0.00         0
   Class 754       0.00      0.00      0.00         0
   Class 755       0.00      0.00      0.00         0
   Class 756       0.00      0.00      0.00         0
   Class 758       0.00      0.00      0.00         0
   Class 759       0.00      0.00      0.00         0
   Class 760       0.00      0.00      0.00         0
   Class 761       0.00      0.00      0.00         0
   Class 762       0.00      0.00      0.00         1
   Class 763       0.50      0.50      0.50         2
   Class 765       0.00      0.00      0.00         1
   Class 766       0.00      0.00      0.00         0
   Class 767       0.00      0.00      0.00         0
   Class 768       1.00      0.50      0.67         2
   Class 769       0.00      0.00      0.00         0
   Class 770       0.00      0.00      0.00         0
   Class 771       0.00      0.00      0.00         2
   Class 772       1.00      0.33      0.50         3
   Class 774       1.00      0.50      0.67         2
   Class 775       0.00      0.00      0.00         2
   Class 776       0.00      0.00      0.00         1
   Class 777       0.00      0.00      0.00         1
   Class 778       0.00      0.00      0.00         2
   Class 779       0.00      0.00      0.00         0
   Class 780       0.00      0.00      0.00         0
   Class 781       0.00      0.00      0.00         0
   Class 782       0.00      0.00      0.00         1
   Class 784       0.00      0.00      0.00         1
   Class 785       0.00      0.00      0.00         0
   Class 786       0.00      0.00      0.00         0
   Class 787       0.00      0.00      0.00         0
   Class 788       0.00      0.00      0.00         0
   Class 790       0.00      0.00      0.00         0
   Class 791       0.00      0.00      0.00         0
   Class 792       0.00      0.00      0.00         3
   Class 793       0.00      0.00      0.00         0
   Class 794       0.00      0.00      0.00         0
   Class 795       1.00      0.50      0.67         2
   Class 796       0.00      0.00      0.00         0
   Class 797       0.00      0.00      0.00         0
   Class 798       0.00      0.00      0.00         0
   Class 799       0.00      0.00      0.00         0
   Class 800       0.00      0.00      0.00         0
   Class 801       0.00      0.00      0.00         1
   Class 802       0.00      0.00      0.00         0
   Class 803       0.00      0.00      0.00         0
   Class 805       0.00      0.00      0.00         1
   Class 807       1.00      1.00      1.00         2
   Class 808       0.00      0.00      0.00         0
   Class 809       0.00      0.00      0.00         0
   Class 810       0.00      0.00      0.00         0
   Class 811       0.00      0.00      0.00         0
   Class 812       0.00      0.00      0.00         0
   Class 813       0.00      0.00      0.00         1
   Class 814       0.00      0.00      0.00         1
   Class 815       0.00      0.00      0.00         0
   Class 816       0.50      0.25      0.33         4
   Class 817       0.00      0.00      0.00         0
   Class 818       0.00      0.00      0.00         0
   Class 819       0.00      0.00      0.00         0
   Class 820       0.00      0.00      0.00         0
   Class 822       1.00      0.25      0.40         4
   Class 823       0.00      0.00      0.00         0
   Class 824       0.00      0.00      0.00         3
   Class 825       0.00      0.00      0.00         2
   Class 826       0.00      0.00      0.00         1
   Class 828       1.00      0.67      0.80         3
   Class 830       0.00      0.00      0.00         1
   Class 831       0.00      0.00      0.00         0
   Class 832       0.00      0.00      0.00         0
   Class 834       0.00      0.00      0.00         0
   Class 835       0.00      0.00      0.00         0
   Class 837       0.00      0.00      0.00         1
   Class 838       0.00      0.00      0.00         0
   Class 840       0.00      0.00      0.00         0
   Class 841       0.00      0.00      0.00         0
   Class 842       0.00      0.00      0.00         0
   Class 843       0.00      0.00      0.00         0
   Class 844       0.00      0.00      0.00         1
   Class 845       0.00      0.00      0.00         0
   Class 847       0.00      0.00      0.00         3
   Class 848       1.00      1.00      1.00         1
   Class 851       1.00      1.00      1.00         1
   Class 852       0.00      0.00      0.00         0
   Class 853       0.00      0.00      0.00         2
   Class 854       0.00      0.00      0.00         0
   Class 855       0.00      0.00      0.00         1
   Class 856       1.00      0.50      0.67         4
   Class 858       0.00      0.00      0.00         1
   Class 860       0.00      0.00      0.00         0
   Class 861       0.00      0.00      0.00         1
   Class 863       0.00      0.00      0.00         2
   Class 864       0.33      0.71      0.45         7
   Class 865       0.00      0.00      0.00         0
   Class 867       0.00      0.00      0.00         0
   Class 868       0.00      0.00      0.00         0
   Class 869       0.00      0.00      0.00         1
   Class 870       0.00      0.00      0.00         2
   Class 871       1.00      1.00      1.00         1
   Class 872       0.00      0.00      0.00         1
   Class 873       0.00      0.00      0.00         0
   Class 874       0.00      0.00      0.00         1
   Class 875       0.00      0.00      0.00         0
   Class 877       0.00      0.00      0.00         0
   Class 878       0.00      0.00      0.00         1
   Class 880       0.00      0.00      0.00         0
   Class 881       0.00      0.00      0.00         1
   Class 882       1.00      0.75      0.86         4
   Class 883       0.00      0.00      0.00         0
   Class 884       1.00      1.00      1.00         1
   Class 885       0.00      0.00      0.00         0
   Class 886       0.00      0.00      0.00         1
   Class 888       0.00      0.00      0.00         1
   Class 889       1.00      0.67      0.80         6
   Class 890       0.00      0.00      0.00         0
   Class 892       0.00      0.00      0.00         0
   Class 894       0.00      0.00      0.00         0
   Class 895       1.00      0.50      0.67         2
   Class 896       0.00      0.00      0.00         0
   Class 897       0.00      0.00      0.00         0
   Class 898       0.00      0.00      0.00         0
   Class 901       0.00      0.00      0.00         0
   Class 902       0.00      0.00      0.00         1
   Class 903       0.00      0.00      0.00         1
   Class 904       0.00      0.00      0.00         0
   Class 906       0.00      0.00      0.00         0
   Class 907       0.00      0.00      0.00         0
   Class 910       0.00      0.00      0.00         0
   Class 911       1.00      0.50      0.67         2
   Class 912       1.00      0.50      0.67         2
   Class 913       0.00      0.00      0.00         2
   Class 915       0.00      0.00      0.00         2
   Class 916       0.00      0.00      0.00         1
   Class 917       0.00      0.00      0.00         0
   Class 918       0.00      0.00      0.00         5
   Class 919       0.00      0.00      0.00         0
   Class 920       0.00      0.00      0.00         0
   Class 921       0.00      0.00      0.00         0
   Class 922       0.00      0.00      0.00         0
   Class 923       0.00      0.00      0.00         3
   Class 924       0.00      0.00      0.00         0
   Class 925       0.33      1.00      0.50         2
   Class 926       0.00      0.00      0.00         0
   Class 927       0.00      0.00      0.00         1
   Class 929       0.00      0.00      0.00         0
   Class 930       0.00      0.00      0.00         0
   Class 931       0.00      0.00      0.00         2
   Class 932       0.00      0.00      0.00         3
   Class 933       1.00      0.67      0.80         3
   Class 934       0.00      0.00      0.00         0
   Class 936       0.00      0.00      0.00         1
   Class 937       0.00      0.00      0.00         0
   Class 938       0.00      0.00      0.00         0
   Class 940       0.00      0.00      0.00         0
   Class 941       0.00      0.00      0.00         0
   Class 942       0.00      0.00      0.00         0
   Class 943       0.00      0.00      0.00         0
   Class 944       0.00      0.00      0.00         0
   Class 945       0.00      0.00      0.00         1
   Class 947       0.00      0.00      0.00         0
   Class 948       0.00      0.00      0.00         0
   Class 949       0.00      0.00      0.00         1
   Class 950       0.00      0.00      0.00         0
   Class 951       0.00      0.00      0.00         1
   Class 953       0.00      0.00      0.00         2
   Class 954       0.00      0.00      0.00         0
   Class 955       0.00      0.00      0.00         0
   Class 956       0.00      0.00      0.00         1
   Class 957       0.00      0.00      0.00         1
   Class 959       0.00      0.00      0.00         0
   Class 960       0.00      0.00      0.00         3
   Class 961       0.00      0.00      0.00         1
   Class 962       1.00      0.50      0.67         2
   Class 963       0.00      0.00      0.00         0
   Class 964       0.00      0.00      0.00         0
   Class 965       0.00      0.00      0.00         2
   Class 967       0.00      0.00      0.00         1
   Class 968       0.00      0.00      0.00         0
   Class 969       0.00      0.00      0.00         1
   Class 971       0.00      0.00      0.00         1
   Class 972       0.00      0.00      0.00         0
   Class 973       0.00      0.00      0.00         1
   Class 974       0.00      0.00      0.00         0
   Class 976       0.00      0.00      0.00         1
   Class 977       1.00      0.50      0.67         2
   Class 978       1.00      0.20      0.33         5
   Class 979       0.00      0.00      0.00         0
   Class 981       0.00      0.00      0.00         0
   Class 982       0.00      0.00      0.00         0
   Class 984       0.00      0.00      0.00         1
   Class 985       0.00      0.00      0.00         1
   Class 986       0.00      0.00      0.00         2
   Class 988       0.16      0.52      0.24        25
   Class 990       0.00      0.00      0.00         1
   Class 992       0.00      0.00      0.00         0
   Class 993       0.00      0.00      0.00         1
   Class 994       0.00      0.00      0.00         1
   Class 995       0.00      0.00      0.00         0
   Class 996       0.00      0.00      0.00         0
   Class 998       0.00      0.00      0.00         1
   Class 999       0.00      0.00      0.00         1
  Class 1000       0.00      0.00      0.00         0
  Class 1003       0.00      0.00      0.00         1
  Class 1004       0.00      0.00      0.00         0
  Class 1005       0.00      0.00      0.00         1
  Class 1006       0.00      0.00      0.00         0
  Class 1008       0.00      0.00      0.00         0
  Class 1009       0.00      0.00      0.00         1
  Class 1010       0.00      0.00      0.00         1
  Class 1011       0.00      0.00      0.00         0
  Class 1012       1.00      0.14      0.25         7
  Class 1013       0.00      0.00      0.00         1
  Class 1014       0.71      0.83      0.77         6
  Class 1015       0.00      0.00      0.00         0
  Class 1016       0.00      0.00      0.00         0
  Class 1018       0.00      0.00      0.00         1
  Class 1019       0.42      0.80      0.55        10
  Class 1021       0.00      0.00      0.00         0
  Class 1022       0.00      0.00      0.00         1
  Class 1023       0.00      0.00      0.00         2
  Class 1025       0.00      0.00      0.00         0
  Class 1028       0.00      0.00      0.00         0
  Class 1029       0.00      0.00      0.00         1
  Class 1030       0.00      0.00      0.00         0
  Class 1031       0.00      0.00      0.00         1
  Class 1034       0.00      0.00      0.00         0
  Class 1035       0.00      0.00      0.00         1
  Class 1037       0.00      0.00      0.00         0
  Class 1038       0.00      0.00      0.00         0
  Class 1039       0.00      0.00      0.00         1
  Class 1040       0.00      0.00      0.00         0
  Class 1041       0.00      0.00      0.00         1
  Class 1042       0.00      0.00      0.00         0
  Class 1043       0.00      0.00      0.00         0
  Class 1044       0.00      0.00      0.00         1
  Class 1045       0.00      0.00      0.00         0
  Class 1047       0.00      0.00      0.00         0
  Class 1048       0.00      0.00      0.00         0
  Class 1049       0.50      0.33      0.40         3
  Class 1050       0.00      0.00      0.00         1
  Class 1051       0.00      0.00      0.00         0
  Class 1052       0.60      0.60      0.60         5
  Class 1053       1.00      0.50      0.67         2
  Class 1054       0.00      0.00      0.00         0
  Class 1055       0.00      0.00      0.00         2
  Class 1056       0.00      0.00      0.00         0
  Class 1057       0.00      0.00      0.00         0
  Class 1058       0.00      0.00      0.00         3
  Class 1060       0.50      1.00      0.67         1
  Class 1061       0.00      0.00      0.00         0
  Class 1062       0.00      0.00      0.00         0
  Class 1063       0.00      0.00      0.00         0
  Class 1064       0.00      0.00      0.00         0
  Class 1065       0.00      0.00      0.00         0
  Class 1067       0.00      0.00      0.00         4
  Class 1068       0.00      0.00      0.00         2
  Class 1069       0.40      0.25      0.31         8
  Class 1070       0.00      0.00      0.00         1
  Class 1071       0.00      0.00      0.00         1
  Class 1072       0.00      0.00      0.00         2
  Class 1073       0.00      0.00      0.00         0
  Class 1074       0.00      0.00      0.00         1
  Class 1075       0.00      0.00      0.00         1
  Class 1077       0.00      0.00      0.00         2
  Class 1078       0.00      0.00      0.00         1
  Class 1079       0.00      0.00      0.00         0
  Class 1080       0.00      0.00      0.00         0
  Class 1082       0.00      0.00      0.00         0
  Class 1083       0.00      0.00      0.00         0
  Class 1084       0.00      0.00      0.00         0
  Class 1085       0.00      0.00      0.00         0
  Class 1086       0.64      0.78      0.70         9
  Class 1087       0.00      0.00      0.00         0
  Class 1088       0.00      0.00      0.00         0
  Class 1089       0.00      0.00      0.00         0
  Class 1090       0.00      0.00      0.00         1
  Class 1092       1.00      1.00      1.00         1
  Class 1094       0.00      0.00      0.00         2
  Class 1095       0.00      0.00      0.00         0
  Class 1097       0.00      0.00      0.00         0
  Class 1098       0.00      0.00      0.00         0
  Class 1099       1.00      0.50      0.67         2
  Class 1101       0.00      0.00      0.00         1
  Class 1103       0.00      0.00      0.00         1
  Class 1104       0.00      0.00      0.00         3
  Class 1105       0.00      0.00      0.00         0
  Class 1106       0.00      0.00      0.00         1
  Class 1107       0.00      0.00      0.00         0
  Class 1109       0.00      0.00      0.00         0
  Class 1110       0.00      0.00      0.00         0
  Class 1111       0.00      0.00      0.00         0
  Class 1112       0.33      1.00      0.50         2
  Class 1113       0.00      0.00      0.00         2
  Class 1114       0.60      0.60      0.60         5
  Class 1115       0.00      0.00      0.00         0
  Class 1116       0.00      0.00      0.00         0
  Class 1117       0.60      0.60      0.60         5
  Class 1119       0.00      0.00      0.00         0
  Class 1120       0.00      0.00      0.00         2
  Class 1122       0.00      0.00      0.00         0
  Class 1123       0.00      0.00      0.00         2
  Class 1124       1.00      0.67      0.80         3
  Class 1125       0.00      0.00      0.00         0
  Class 1126       0.00      0.00      0.00         0
  Class 1127       0.00      0.00      0.00         1
  Class 1128       0.00      0.00      0.00         1
  Class 1129       0.00      0.00      0.00         0
  Class 1130       1.00      1.00      1.00         1
  Class 1131       0.00      0.00      0.00         0
  Class 1132       0.00      0.00      0.00         0
  Class 1134       0.00      0.00      0.00         0
  Class 1135       0.00      0.00      0.00         0
  Class 1137       0.00      0.00      0.00         0
  Class 1141       0.00      0.00      0.00         0
  Class 1142       0.00      0.00      0.00         0
  Class 1145       0.00      0.00      0.00         0
  Class 1146       0.00      0.00      0.00         1
  Class 1147       1.00      0.50      0.67         2
  Class 1148       0.00      0.00      0.00         0
  Class 1150       0.00      0.00      0.00         0
  Class 1151       0.00      0.00      0.00         0
  Class 1152       0.00      0.00      0.00         0
  Class 1153       0.00      0.00      0.00         0
  Class 1154       0.00      0.00      0.00         1
  Class 1155       0.50      0.20      0.29         5
  Class 1156       0.00      0.00      0.00         1
  Class 1157       0.00      0.00      0.00         1
  Class 1158       0.00      0.00      0.00         1
  Class 1160       0.00      0.00      0.00         0
  Class 1161       0.00      0.00      0.00         0
  Class 1164       0.00      0.00      0.00         1
  Class 1165       0.00      0.00      0.00         0
  Class 1166       0.00      0.00      0.00         0
  Class 1167       0.00      0.00      0.00         0
  Class 1169       0.00      0.00      0.00         0
  Class 1172       0.00      0.00      0.00         0
  Class 1173       0.00      0.00      0.00         1
  Class 1174       0.00      0.00      0.00         0
  Class 1176       0.00      0.00      0.00         0
  Class 1178       0.00      0.00      0.00         0
  Class 1179       0.00      0.00      0.00         0
  Class 1180       0.00      0.00      0.00         0
  Class 1181       0.00      0.00      0.00         1
  Class 1183       0.00      0.00      0.00         0
  Class 1185       0.00      0.00      0.00         0
  Class 1186       0.00      0.00      0.00         0
  Class 1188       0.00      0.00      0.00         1
  Class 1189       0.00      0.00      0.00         0
  Class 1190       0.00      0.00      0.00         1
  Class 1191       0.00      0.00      0.00         2
  Class 1192       0.00      0.00      0.00         0
  Class 1193       0.00      0.00      0.00         1
  Class 1194       0.00      0.00      0.00         0
  Class 1195       0.00      0.00      0.00         0
  Class 1196       0.00      0.00      0.00         0
  Class 1198       0.00      0.00      0.00         0
  Class 1199       0.00      0.00      0.00         0
  Class 1200       0.00      0.00      0.00         2
  Class 1201       0.00      0.00      0.00         0
  Class 1205       0.00      0.00      0.00         0
  Class 1206       0.00      0.00      0.00         0
  Class 1207       0.00      0.00      0.00         0
  Class 1208       0.00      0.00      0.00         0
  Class 1210       0.00      0.00      0.00         0
  Class 1211       0.00      0.00      0.00         5
  Class 1213       0.00      0.00      0.00         0
  Class 1214       0.00      0.00      0.00         1
  Class 1215       0.75      0.75      0.75         4
  Class 1216       0.00      0.00      0.00         0
  Class 1217       0.33      0.50      0.40         6
  Class 1218       0.00      0.00      0.00         0
  Class 1219       0.00      0.00      0.00         0
  Class 1220       0.00      0.00      0.00         2
  Class 1221       0.60      1.00      0.75         3
  Class 1222       0.00      0.00      0.00         1
  Class 1223       0.00      0.00      0.00         0
  Class 1225       0.00      0.00      0.00         2
  Class 1226       0.00      0.00      0.00         0
  Class 1227       0.00      0.00      0.00         0
  Class 1228       0.00      0.00      0.00         0
  Class 1230       0.00      0.00      0.00         1
  Class 1231       0.00      0.00      0.00         0
  Class 1232       0.00      0.00      0.00         0
  Class 1233       0.00      0.00      0.00         1
  Class 1235       0.00      0.00      0.00         0
  Class 1236       0.00      0.00      0.00         0
  Class 1237       0.00      0.00      0.00         0
  Class 1238       0.00      0.00      0.00         1
  Class 1240       0.00      0.00      0.00         1
  Class 1241       0.00      0.00      0.00         2
  Class 1242       0.00      0.00      0.00         0
  Class 1243       0.00      0.00      0.00         1
  Class 1244       0.00      0.00      0.00         0
  Class 1245       0.00      0.00      0.00         1
  Class 1246       0.00      0.00      0.00         0
  Class 1247       0.00      0.00      0.00         0
  Class 1248       0.40      0.50      0.44         4
  Class 1249       0.00      0.00      0.00         0
  Class 1250       0.00      0.00      0.00         1
  Class 1251       0.00      0.00      0.00         0
  Class 1252       0.00      0.00      0.00         0
  Class 1253       0.00      0.00      0.00         1
  Class 1254       0.00      0.00      0.00         0
  Class 1255       0.00      0.00      0.00         1
  Class 1256       0.00      0.00      0.00         0
  Class 1257       0.00      0.00      0.00         1
  Class 1258       0.00      0.00      0.00         3
  Class 1260       0.00      0.00      0.00         3
  Class 1261       0.00      0.00      0.00         1
  Class 1263       0.00      0.00      0.00         1
  Class 1264       0.00      0.00      0.00         4
  Class 1266       0.00      0.00      0.00         1
  Class 1267       0.25      1.00      0.40         1
  Class 1268       0.00      0.00      0.00         1
  Class 1271       0.00      0.00      0.00         1
  Class 1272       0.00      0.00      0.00         1
  Class 1273       0.00      0.00      0.00         1
  Class 1274       0.00      0.00      0.00         2
  Class 1277       0.00      0.00      0.00         0
  Class 1278       0.00      0.00      0.00         0
  Class 1279       0.00      0.00      0.00         6
  Class 1280       0.00      0.00      0.00         1
  Class 1281       0.00      0.00      0.00         3
  Class 1282       0.00      0.00      0.00         0
  Class 1283       0.00      0.00      0.00         1
  Class 1284       0.00      0.00      0.00         0
  Class 1287       0.00      0.00      0.00         0
  Class 1288       0.00      0.00      0.00         0
  Class 1289       0.00      0.00      0.00         0
  Class 1292       0.00      0.00      0.00         0
  Class 1294       0.00      0.00      0.00         0
  Class 1295       0.00      0.00      0.00         0
  Class 1298       0.00      0.00      0.00         0
  Class 1299       0.00      0.00      0.00         0
  Class 1302       0.00      0.00      0.00         0
  Class 1303       0.00      0.00      0.00         1
  Class 1305       0.00      0.00      0.00         2
  Class 1307       0.00      0.00      0.00         2
  Class 1309       0.00      0.00      0.00         0
  Class 1311       0.00      0.00      0.00         0
  Class 1312       0.00      0.00      0.00         1
  Class 1313       0.00      0.00      0.00         0
  Class 1314       0.00      0.00      0.00         0
  Class 1315       0.00      0.00      0.00         1
  Class 1316       0.00      0.00      0.00         0
  Class 1317       1.00      0.33      0.50         3
  Class 1318       0.00      0.00      0.00         0
  Class 1319       0.00      0.00      0.00         1
  Class 1321       0.00      0.00      0.00         0
  Class 1324       0.00      0.00      0.00         1
  Class 1325       0.00      0.00      0.00         2
  Class 1326       0.00      0.00      0.00         0
  Class 1327       0.00      0.00      0.00         0
  Class 1328       0.00      0.00      0.00         0
  Class 1329       0.00      0.00      0.00         1
  Class 1330       0.00      0.00      0.00         0
  Class 1333       0.00      0.00      0.00         1
  Class 1334       0.00      0.00      0.00         1
  Class 1335       0.67      0.67      0.67         6
  Class 1336       0.00      0.00      0.00         0
  Class 1337       0.00      0.00      0.00         1
  Class 1338       0.00      0.00      0.00         1
  Class 1341       0.00      0.00      0.00         0
  Class 1342       0.00      0.00      0.00         0
  Class 1343       0.00      0.00      0.00         1
  Class 1344       0.00      0.00      0.00         0
  Class 1345       0.00      0.00      0.00         0
  Class 1346       0.00      0.00      0.00         5
  Class 1347       0.00      0.00      0.00         0
  Class 1349       0.00      0.00      0.00         0
  Class 1350       0.00      0.00      0.00         0
  Class 1351       0.00      0.00      0.00         0
  Class 1352       0.00      0.00      0.00         0
  Class 1353       0.00      0.00      0.00         1
  Class 1354       0.00      0.00      0.00         0
  Class 1355       0.00      0.00      0.00         2
  Class 1356       0.00      0.00      0.00         1
  Class 1357       0.00      0.00      0.00         1
  Class 1358       0.00      0.00      0.00         0
  Class 1359       0.00      0.00      0.00         0
  Class 1360       0.00      0.00      0.00         0
  Class 1361       0.00      0.00      0.00         0
  Class 1362       0.00      0.00      0.00         0
  Class 1363       0.00      0.00      0.00         0
  Class 1365       0.00      0.00      0.00         0
  Class 1366       0.00      0.00      0.00         2
  Class 1368       0.25      0.60      0.35         5
  Class 1369       0.00      0.00      0.00         1
  Class 1370       0.00      0.00      0.00         0
  Class 1371       0.00      0.00      0.00         1
  Class 1372       0.00      0.00      0.00         0
  Class 1373       0.00      0.00      0.00         1
  Class 1375       0.00      0.00      0.00         0
  Class 1377       0.00      0.00      0.00         2
  Class 1378       0.00      0.00      0.00         0
  Class 1379       0.00      0.00      0.00         0
  Class 1380       0.00      0.00      0.00         0
  Class 1381       0.00      0.00      0.00         0
  Class 1382       0.00      0.00      0.00         1
  Class 1383       0.00      0.00      0.00         0
  Class 1385       1.00      1.00      1.00         4
  Class 1386       0.00      0.00      0.00         0
  Class 1388       0.00      0.00      0.00         4
  Class 1389       0.00      0.00      0.00         1
  Class 1391       0.00      0.00      0.00         0
  Class 1393       0.50      1.00      0.67         1
  Class 1394       0.00      0.00      0.00         1
  Class 1395       0.00      0.00      0.00         0
  Class 1396       0.00      0.00      0.00         1
  Class 1397       0.00      0.00      0.00         1
  Class 1398       0.00      0.00      0.00         1
  Class 1399       0.00      0.00      0.00         2
  Class 1400       0.00      0.00      0.00         0
  Class 1401       0.00      0.00      0.00         1
  Class 1402       0.00      0.00      0.00         0
  Class 1403       0.00      0.00      0.00         1
  Class 1404       0.00      0.00      0.00         5
  Class 1405       0.00      0.00      0.00         0
  Class 1406       0.00      0.00      0.00         0
  Class 1407       0.00      0.00      0.00         1
  Class 1408       0.00      0.00      0.00         0
  Class 1410       0.00      0.00      0.00         1
  Class 1411       0.00      0.00      0.00         0
  Class 1412       0.00      0.00      0.00         4
  Class 1413       0.00      0.00      0.00         1
  Class 1414       0.00      0.00      0.00         1
  Class 1415       0.00      0.00      0.00         0
  Class 1417       0.00      0.00      0.00         0
  Class 1418       0.00      0.00      0.00         0
  Class 1419       0.00      0.00      0.00         1
  Class 1420       0.00      0.00      0.00         4
  Class 1421       0.00      0.00      0.00         0
  Class 1422       0.00      0.00      0.00         0
  Class 1423       0.00      0.00      0.00         0
  Class 1424       0.00      0.00      0.00         1
  Class 1425       0.00      0.00      0.00         0
  Class 1426       0.00      0.00      0.00         1
  Class 1427       0.00      0.00      0.00         1
  Class 1428       1.00      0.25      0.40         4
  Class 1429       0.00      0.00      0.00         1
  Class 1430       0.00      0.00      0.00         7
  Class 1431       0.00      0.00      0.00         0
  Class 1432       0.00      0.00      0.00         2
  Class 1433       0.00      0.00      0.00         0
  Class 1436       0.00      0.00      0.00         1
  Class 1437       1.00      0.50      0.67         4
  Class 1438       0.00      0.00      0.00         0
  Class 1439       0.00      0.00      0.00         1
  Class 1440       0.00      0.00      0.00         0
  Class 1441       0.00      0.00      0.00         1
  Class 1442       0.00      0.00      0.00         0
  Class 1443       0.00      0.00      0.00         0
  Class 1444       0.00      0.00      0.00         0
  Class 1445       0.00      0.00      0.00         0
  Class 1446       0.00      0.00      0.00         1
  Class 1447       0.00      0.00      0.00         0
  Class 1448       0.00      0.00      0.00         0
  Class 1449       0.00      0.00      0.00         0
  Class 1450       0.00      0.00      0.00         0
  Class 1451       0.00      0.00      0.00         0
  Class 1453       0.00      0.00      0.00         1
  Class 1454       0.00      0.00      0.00         1
  Class 1455       0.00      0.00      0.00         0
  Class 1456       0.00      0.00      0.00         0
  Class 1457       0.00      0.00      0.00         0
  Class 1458       0.00      0.00      0.00         0
  Class 1460       0.00      0.00      0.00         0
  Class 1461       0.00      0.00      0.00         0
  Class 1464       0.00      0.00      0.00         0
  Class 1465       0.00      0.00      0.00         3
  Class 1466       0.00      0.00      0.00         0
  Class 1468       0.00      0.00      0.00         0
  Class 1469       0.00      0.00      0.00         1
  Class 1470       0.00      0.00      0.00         1
  Class 1471       0.00      0.00      0.00         0
  Class 1473       0.00      0.00      0.00         0
  Class 1474       0.00      0.00      0.00         0
  Class 1475       0.00      0.00      0.00         0
  Class 1478       0.00      0.00      0.00         0
  Class 1479       0.00      0.00      0.00         2
  Class 1480       0.00      0.00      0.00         0
  Class 1481       0.00      0.00      0.00         3
  Class 1482       1.00      1.00      1.00         2
  Class 1483       0.00      0.00      0.00         0
  Class 1484       0.00      0.00      0.00         0
  Class 1485       0.00      0.00      0.00         0
  Class 1487       0.00      0.00      0.00         1
  Class 1488       0.00      0.00      0.00         1
  Class 1490       0.00      0.00      0.00         2
  Class 1491       0.00      0.00      0.00         0
  Class 1492       0.00      0.00      0.00         1
  Class 1493       0.00      0.00      0.00         0
  Class 1494       0.00      0.00      0.00         0
  Class 1496       0.57      0.75      0.65        16
  Class 1497       0.00      0.00      0.00         0
  Class 1500       0.00      0.00      0.00         0
  Class 1501       0.00      0.00      0.00         1
  Class 1502       0.00      0.00      0.00         1
  Class 1503       0.00      0.00      0.00         0
  Class 1505       0.00      0.00      0.00         0
  Class 1507       0.00      0.00      0.00         1
  Class 1509       0.00      0.00      0.00         0
  Class 1510       0.00      0.00      0.00         0
  Class 1511       0.00      0.00      0.00         1
  Class 1512       0.00      0.00      0.00         1
  Class 1513       0.00      0.00      0.00         0
  Class 1514       0.00      0.00      0.00         0
  Class 1517       0.00      0.00      0.00         0
  Class 1518       0.00      0.00      0.00         0
  Class 1519       1.00      1.00      1.00         7
  Class 1520       0.00      0.00      0.00         0
  Class 1521       0.00      0.00      0.00         0
  Class 1522       0.00      0.00      0.00         0
  Class 1523       0.00      0.00      0.00         1
  Class 1524       0.00      0.00      0.00         0
  Class 1525       0.00      0.00      0.00         1
  Class 1527       0.00      0.00      0.00         1
  Class 1528       0.00      0.00      0.00         1
  Class 1531       0.00      0.00      0.00         0
  Class 1532       0.00      0.00      0.00         0
  Class 1533       0.50      0.60      0.55         5
  Class 1534       0.00      0.00      0.00         0
  Class 1536       0.00      0.00      0.00         0
  Class 1539       0.00      0.00      0.00         1
  Class 1542       0.00      0.00      0.00         2
  Class 1543       0.00      0.00      0.00         2
  Class 1544       0.67      0.40      0.50         5
  Class 1546       0.00      0.00      0.00         0
  Class 1547       0.00      0.00      0.00         0
  Class 1548       0.00      0.00      0.00         0
  Class 1549       0.50      0.50      0.50         4
  Class 1551       0.00      0.00      0.00         0
  Class 1552       0.00      0.00      0.00         0
  Class 1553       0.00      0.00      0.00         3
  Class 1554       0.00      0.00      0.00         0
  Class 1555       0.00      0.00      0.00         1
  Class 1556       0.00      0.00      0.00         1
  Class 1557       0.00      0.00      0.00         4
  Class 1558       0.00      0.00      0.00         0
  Class 1559       0.00      0.00      0.00         0
  Class 1560       0.00      0.00      0.00         2
  Class 1561       1.00      1.00      1.00         1
  Class 1562       0.00      0.00      0.00         0
  Class 1566       0.00      0.00      0.00         0
  Class 1567       0.00      0.00      0.00         1
  Class 1569       0.00      0.00      0.00         0
  Class 1571       0.00      0.00      0.00         0
  Class 1572       0.00      0.00      0.00         0
  Class 1573       0.00      0.00      0.00         0
  Class 1574       0.00      0.00      0.00         0
  Class 1575       0.00      0.00      0.00         1
  Class 1577       1.00      1.00      1.00         1
  Class 1578       0.00      0.00      0.00         0
  Class 1579       0.00      0.00      0.00         2
  Class 1581       0.00      0.00      0.00         0
  Class 1583       0.00      0.00      0.00         1
  Class 1584       1.00      1.00      1.00         1
  Class 1585       0.00      0.00      0.00         0
  Class 1586       0.00      0.00      0.00         0
  Class 1587       0.00      0.00      0.00         0
  Class 1588       0.00      0.00      0.00         1
  Class 1590       0.00      0.00      0.00         1
  Class 1592       0.00      0.00      0.00         4
  Class 1593       0.00      0.00      0.00         0
  Class 1594       0.00      0.00      0.00         0
  Class 1595       0.00      0.00      0.00         0
  Class 1597       0.00      0.00      0.00         0
  Class 1598       0.00      0.00      0.00         0
  Class 1600       0.00      0.00      0.00         1
  Class 1601       0.00      0.00      0.00         0
  Class 1602       0.00      0.00      0.00         0
  Class 1603       0.00      0.00      0.00         0
  Class 1605       0.00      0.00      0.00         0
  Class 1606       0.00      0.00      0.00         0
  Class 1607       0.00      0.00      0.00         0
  Class 1609       0.00      0.00      0.00         0
  Class 1610       0.00      0.00      0.00         1
  Class 1611       0.00      0.00      0.00         0
  Class 1614       0.00      0.00      0.00         2
  Class 1615       0.00      0.00      0.00         0
  Class 1618       0.00      0.00      0.00         0
  Class 1619       0.00      0.00      0.00         0
  Class 1620       0.00      0.00      0.00         1
  Class 1621       0.00      0.00      0.00         0
  Class 1622       0.00      0.00      0.00         0
  Class 1624       0.00      0.00      0.00         1
  Class 1626       0.00      0.00      0.00         1
  Class 1627       0.00      0.00      0.00         4
  Class 1628       0.00      0.00      0.00         0
  Class 1629       0.00      0.00      0.00         0
  Class 1631       0.00      0.00      0.00         1
  Class 1632       0.00      0.00      0.00         1
  Class 1634       0.00      0.00      0.00         1
  Class 1635       0.00      0.00      0.00         0
  Class 1636       0.00      0.00      0.00         0
  Class 1637       0.00      0.00      0.00         0
  Class 1638       0.00      0.00      0.00         0
  Class 1639       0.00      0.00      0.00         0
  Class 1640       0.00      0.00      0.00         1
  Class 1641       0.00      0.00      0.00         1
  Class 1642       0.00      0.00      0.00         0
  Class 1643       0.00      0.00      0.00         2
  Class 1644       0.00      0.00      0.00         0
  Class 1645       0.00      0.00      0.00         0
  Class 1646       0.00      0.00      0.00         3
  Class 1647       0.00      0.00      0.00         0
  Class 1648       0.00      0.00      0.00         0
  Class 1649       0.00      0.00      0.00         4
  Class 1651       0.00      0.00      0.00         0
  Class 1652       0.00      0.00      0.00         0
  Class 1655       1.00      1.00      1.00         1
  Class 1658       0.00      0.00      0.00         0
  Class 1659       0.00      0.00      0.00         2
  Class 1660       0.00      0.00      0.00         0
  Class 1661       0.00      0.00      0.00         1
  Class 1662       0.00      0.00      0.00         0
  Class 1664       0.00      0.00      0.00         0
  Class 1665       0.00      0.00      0.00         1
  Class 1666       0.00      0.00      0.00         1
  Class 1667       0.00      0.00      0.00         0
  Class 1668       0.00      0.00      0.00         1
  Class 1669       0.00      0.00      0.00         0
  Class 1671       0.00      0.00      0.00         1
  Class 1672       0.00      0.00      0.00         4
  Class 1674       0.00      0.00      0.00         1
  Class 1676       0.00      0.00      0.00         3
  Class 1677       1.00      0.50      0.67         2
  Class 1678       0.00      0.00      0.00         0
  Class 1681       0.00      0.00      0.00         0
  Class 1682       0.00      0.00      0.00         1
  Class 1683       0.00      0.00      0.00         0
  Class 1685       0.00      0.00      0.00         0
  Class 1686       0.00      0.00      0.00         1
  Class 1687       0.00      0.00      0.00         1
  Class 1688       0.00      0.00      0.00         0
  Class 1689       0.00      0.00      0.00         1
  Class 1692       0.00      0.00      0.00         0
  Class 1694       0.00      0.00      0.00         0
  Class 1695       0.00      0.00      0.00         1
  Class 1697       0.00      0.00      0.00         1
  Class 1698       0.00      0.00      0.00         2
  Class 1699       0.00      0.00      0.00         0
  Class 1700       0.00      0.00      0.00         0
  Class 1701       0.00      0.00      0.00         4
  Class 1703       0.00      0.00      0.00         0
  Class 1704       0.00      0.00      0.00         3
  Class 1706       0.00      0.00      0.00         0
  Class 1707       0.00      0.00      0.00         0
  Class 1708       0.00      0.00      0.00         1
  Class 1709       0.00      0.00      0.00         1
  Class 1710       1.00      0.33      0.50         3
  Class 1712       0.00      0.00      0.00         1
  Class 1713       0.00      0.00      0.00         1
  Class 1715       0.00      0.00      0.00         1
  Class 1716       0.67      1.00      0.80         4
  Class 1717       0.00      0.00      0.00         0
  Class 1718       0.00      0.00      0.00         1
  Class 1719       0.00      0.00      0.00         1
  Class 1720       0.00      0.00      0.00         2
  Class 1721       0.00      0.00      0.00         1
  Class 1722       0.00      0.00      0.00         0
  Class 1723       0.00      0.00      0.00         2
  Class 1724       0.00      0.00      0.00         0
  Class 1725       0.00      0.00      0.00         1
  Class 1726       0.00      0.00      0.00         2
  Class 1727       0.00      0.00      0.00         0
  Class 1728       0.00      0.00      0.00         1
  Class 1729       0.50      0.25      0.33         8
  Class 1730       0.00      0.00      0.00         0
  Class 1731       0.00      0.00      0.00         1
  Class 1732       0.00      0.00      0.00         0
  Class 1733       0.00      0.00      0.00         2
  Class 1734       0.00      0.00      0.00         1
  Class 1735       0.00      0.00      0.00         1
  Class 1736       0.00      0.00      0.00         1
  Class 1737       0.29      1.00      0.44         2
  Class 1738       1.00      0.50      0.67         2
  Class 1739       0.00      0.00      0.00         0
  Class 1740       0.00      0.00      0.00         2
  Class 1741       0.00      0.00      0.00         0
  Class 1742       0.00      0.00      0.00         1
  Class 1744       0.00      0.00      0.00         0
  Class 1746       0.00      0.00      0.00         0
  Class 1747       0.00      0.00      0.00         0
  Class 1748       0.00      0.00      0.00         0
  Class 1749       0.00      0.00      0.00         0
  Class 1750       0.00      0.00      0.00         0
  Class 1751       0.00      0.00      0.00         0
  Class 1752       0.00      0.00      0.00         0
  Class 1755       0.00      0.00      0.00         0
  Class 1756       0.00      0.00      0.00         0
  Class 1758       0.00      0.00      0.00         3
  Class 1759       0.00      0.00      0.00         0
  Class 1760       0.00      0.00      0.00         1
  Class 1761       0.00      0.00      0.00         0
  Class 1762       0.00      0.00      0.00         0
  Class 1763       0.00      0.00      0.00         0
  Class 1764       0.00      0.00      0.00         0
  Class 1766       0.67      0.50      0.57         4
  Class 1767       0.00      0.00      0.00         2
  Class 1769       0.00      0.00      0.00         1
  Class 1770       0.00      0.00      0.00         0
  Class 1771       0.00      0.00      0.00         2
  Class 1772       0.00      0.00      0.00         0
  Class 1773       0.00      0.00      0.00         0
  Class 1774       0.00      0.00      0.00         0
  Class 1776       0.00      0.00      0.00         3
  Class 1777       0.75      0.50      0.60         6
  Class 1778       0.00      0.00      0.00         1
  Class 1779       0.00      0.00      0.00         1
  Class 1780       0.00      0.00      0.00         0
  Class 1781       0.00      0.00      0.00         1
  Class 1782       0.00      0.00      0.00         0
  Class 1783       0.00      0.00      0.00         0
  Class 1784       0.00      0.00      0.00         1
  Class 1785       0.00      0.00      0.00         0
  Class 1786       0.00      0.00      0.00         0
  Class 1787       0.00      0.00      0.00         2
  Class 1788       0.00      0.00      0.00         0
  Class 1789       0.00      0.00      0.00         0
  Class 1790       0.00      0.00      0.00         2
  Class 1791       0.00      0.00      0.00         0
  Class 1793       0.00      0.00      0.00         3
  Class 1795       0.00      0.00      0.00         0
  Class 1796       0.00      0.00      0.00         0
  Class 1797       0.00      0.00      0.00         0
  Class 1798       0.00      0.00      0.00         0
  Class 1799       0.00      0.00      0.00         0
  Class 1801       0.00      0.00      0.00         1
  Class 1802       0.00      0.00      0.00         2
  Class 1803       0.00      0.00      0.00         0
  Class 1804       0.00      0.00      0.00         0
  Class 1806       0.00      0.00      0.00         2
  Class 1808       0.00      0.00      0.00         0
  Class 1809       0.00      0.00      0.00         0
  Class 1810       0.00      0.00      0.00         0
  Class 1812       0.00      0.00      0.00         3
  Class 1813       0.00      0.00      0.00         2
  Class 1815       0.00      0.00      0.00         0
  Class 1816       0.00      0.00      0.00         0
  Class 1817       0.00      0.00      0.00         1
  Class 1818       0.00      0.00      0.00         2
  Class 1819       0.00      0.00      0.00         2
  Class 1822       0.00      0.00      0.00         2
  Class 1823       0.00      0.00      0.00         1
  Class 1824       0.00      0.00      0.00         0
  Class 1825       0.00      0.00      0.00         1
  Class 1826       0.00      0.00      0.00         0
  Class 1830       0.60      0.75      0.67         4
  Class 1831       0.00      0.00      0.00         0
  Class 1832       0.00      0.00      0.00         1
  Class 1833       0.00      0.00      0.00         2
  Class 1834       0.00      0.00      0.00         2
  Class 1836       0.00      0.00      0.00         0
  Class 1837       0.00      0.00      0.00         0
  Class 1839       0.00      0.00      0.00         0
  Class 1840       0.00      0.00      0.00         0
  Class 1841       0.00      0.00      0.00         2
  Class 1842       0.00      0.00      0.00         1
  Class 1843       0.00      0.00      0.00         0
  Class 1844       1.00      0.20      0.33         5
  Class 1846       0.00      0.00      0.00         0
  Class 1847       1.00      1.00      1.00         2
  Class 1848       0.00      0.00      0.00         0
  Class 1849       0.00      0.00      0.00         0
  Class 1851       0.00      0.00      0.00         0
  Class 1852       0.50      0.14      0.22         7
  Class 1853       0.00      0.00      0.00         1
  Class 1854       0.00      0.00      0.00         1
  Class 1855       0.75      1.00      0.86         3
  Class 1856       0.00      0.00      0.00         3
  Class 1857       0.00      0.00      0.00         0
  Class 1859       0.00      0.00      0.00         0
  Class 1860       0.00      0.00      0.00         0
  Class 1861       0.00      0.00      0.00         1
  Class 1862       0.00      0.00      0.00         0
  Class 1863       0.00      0.00      0.00         1
  Class 1864       0.00      0.00      0.00         0
  Class 1865       0.00      0.00      0.00         0
  Class 1866       0.00      0.00      0.00         0
  Class 1868       0.00      0.00      0.00         3
  Class 1869       0.00      0.00      0.00         0
  Class 1870       0.00      0.00      0.00         1
  Class 1871       1.00      0.33      0.50         3
  Class 1872       0.00      0.00      0.00         0
  Class 1873       0.00      0.00      0.00         0
  Class 1874       0.00      0.00      0.00         1
  Class 1875       0.00      0.00      0.00         1
  Class 1876       0.00      0.00      0.00         0
  Class 1877       0.00      0.00      0.00         1
  Class 1878       0.00      0.00      0.00         1
  Class 1880       0.00      0.00      0.00         1
  Class 1882       0.00      0.00      0.00         1
  Class 1883       0.00      0.00      0.00         1
  Class 1884       0.00      0.00      0.00         0
  Class 1885       0.00      0.00      0.00         1
  Class 1886       0.00      0.00      0.00         0
  Class 1887       0.00      0.00      0.00         2
  Class 1888       0.00      0.00      0.00         0
  Class 1889       0.00      0.00      0.00         1
  Class 1890       0.00      0.00      0.00         0
  Class 1891       0.00      0.00      0.00         0
  Class 1892       0.00      0.00      0.00         0
  Class 1893       0.00      0.00      0.00         1
  Class 1894       0.00      0.00      0.00         0
  Class 1895       0.00      0.00      0.00         0
  Class 1896       0.00      0.00      0.00         1
  Class 1897       0.00      0.00      0.00         0
  Class 1898       0.00      0.00      0.00         2
  Class 1899       0.00      0.00      0.00         2
  Class 1900       0.00      0.00      0.00         0
  Class 1901       0.00      0.00      0.00         3
  Class 1902       0.60      0.75      0.67         4
  Class 1903       0.00      0.00      0.00         0
  Class 1904       0.00      0.00      0.00         1
  Class 1905       0.00      0.00      0.00         0
  Class 1906       0.00      0.00      0.00         0
  Class 1907       0.00      0.00      0.00         1
  Class 1908       0.00      0.00      0.00         1
  Class 1909       0.00      0.00      0.00         0
  Class 1910       0.00      0.00      0.00         1
  Class 1911       0.00      0.00      0.00         0
  Class 1912       0.00      0.00      0.00         1
  Class 1913       0.00      0.00      0.00         1
  Class 1914       1.00      1.00      1.00         1
  Class 1915       0.00      0.00      0.00         0
  Class 1916       0.00      0.00      0.00         0
  Class 1917       0.40      0.67      0.50         3
  Class 1918       0.00      0.00      0.00         0
  Class 1919       0.00      0.00      0.00         1
  Class 1920       0.00      0.00      0.00         1
  Class 1921       0.00      0.00      0.00         0
  Class 1922       0.00      0.00      0.00         1
  Class 1923       0.00      0.00      0.00         0
  Class 1924       0.00      0.00      0.00         0
  Class 1925       0.00      0.00      0.00         1
  Class 1927       0.00      0.00      0.00         0
  Class 1928       0.00      0.00      0.00         0
  Class 1929       0.00      0.00      0.00         2
  Class 1930       0.00      0.00      0.00         0
  Class 1931       0.00      0.00      0.00         0
  Class 1932       0.00      0.00      0.00         2
  Class 1934       0.00      0.00      0.00         0
  Class 1935       0.00      0.00      0.00         1
  Class 1936       0.00      0.00      0.00         0
  Class 1937       0.00      0.00      0.00         3
  Class 1939       0.00      0.00      0.00         0
  Class 1940       0.00      0.00      0.00         0
  Class 1943       0.00      0.00      0.00         0
  Class 1944       0.00      0.00      0.00         2
  Class 1945       0.00      0.00      0.00         0
  Class 1947       0.00      0.00      0.00         0
  Class 1948       0.00      0.00      0.00         1
  Class 1949       0.00      0.00      0.00         0
  Class 1950       0.00      0.00      0.00         0
  Class 1951       0.00      0.00      0.00         0
  Class 1952       0.00      0.00      0.00         2
  Class 1953       0.00      0.00      0.00         1
  Class 1954       0.00      0.00      0.00         1
  Class 1955       0.00      0.00      0.00         0
  Class 1956       0.00      0.00      0.00         1
  Class 1957       1.00      0.14      0.25         7
  Class 1958       0.00      0.00      0.00         3
  Class 1959       0.00      0.00      0.00         1
  Class 1960       0.00      0.00      0.00         1
  Class 1961       0.00      0.00      0.00         0
  Class 1962       0.00      0.00      0.00         0
  Class 1963       0.00      0.00      0.00         0
  Class 1964       0.00      0.00      0.00         0
  Class 1967       0.00      0.00      0.00         0
  Class 1968       0.00      0.00      0.00         1
  Class 1969       0.00      0.00      0.00         1
  Class 1970       0.00      0.00      0.00         0
  Class 1971       0.00      0.00      0.00         0
  Class 1973       0.00      0.00      0.00         0
  Class 1974       0.00      0.00      0.00         2
  Class 1975       0.00      0.00      0.00         0
  Class 1977       0.00      0.00      0.00         0
  Class 1978       0.00      0.00      0.00         4
  Class 1979       0.00      0.00      0.00         0
  Class 1980       0.00      0.00      0.00         2
  Class 1981       0.00      0.00      0.00         0
  Class 1982       0.00      0.00      0.00         0
  Class 1983       1.00      1.00      1.00         1
  Class 1985       0.00      0.00      0.00         0
  Class 1986       0.00      0.00      0.00         1
  Class 1987       0.33      0.67      0.44         3
  Class 1988       0.00      0.00      0.00         0
  Class 1989       0.00      0.00      0.00         0
  Class 1990       0.00      0.00      0.00         2
  Class 1991       0.00      0.00      0.00         1
  Class 1992       0.00      0.00      0.00         0
  Class 1993       0.00      0.00      0.00         0
  Class 1996       0.00      0.00      0.00         3
  Class 1997       0.00      0.00      0.00         0
  Class 1998       0.00      0.00      0.00         0
  Class 2000       1.00      0.25      0.40         4
  Class 2001       0.00      0.00      0.00         0
  Class 2003       0.00      0.00      0.00         0
  Class 2004       0.00      0.00      0.00         1
  Class 2005       0.00      0.00      0.00         2
  Class 2006       0.00      0.00      0.00         1
  Class 2012       0.00      0.00      0.00         1
  Class 2013       0.00      0.00      0.00         0
  Class 2014       0.00      0.00      0.00         0
  Class 2016       0.00      0.00      0.00         1
  Class 2018       0.00      0.00      0.00         1
  Class 2020       0.00      0.00      0.00         0
  Class 2021       0.00      0.00      0.00         3
  Class 2023       0.00      0.00      0.00         1
  Class 2024       0.00      0.00      0.00         0
  Class 2026       0.55      0.55      0.55        11
  Class 2027       1.00      0.67      0.80         3
  Class 2028       0.00      0.00      0.00         0
  Class 2030       0.00      0.00      0.00         0
  Class 2031       0.00      0.00      0.00         2
  Class 2032       0.38      0.75      0.50         4
  Class 2033       0.00      0.00      0.00         1
  Class 2034       0.00      0.00      0.00         0
  Class 2035       0.00      0.00      0.00         2
  Class 2036       0.00      0.00      0.00         3
  Class 2037       0.00      0.00      0.00         0
  Class 2038       0.00      0.00      0.00         2
  Class 2039       0.00      0.00      0.00         0
  Class 2040       0.00      0.00      0.00         0
  Class 2042       0.00      0.00      0.00         3
  Class 2043       0.00      0.00      0.00         2
  Class 2044       0.00      0.00      0.00         0
  Class 2045       1.00      0.50      0.67         2
  Class 2046       0.00      0.00      0.00         1
  Class 2047       0.00      0.00      0.00         0
  Class 2048       0.00      0.00      0.00         2
  Class 2049       0.00      0.00      0.00         2
  Class 2050       0.00      0.00      0.00         0
  Class 2051       0.00      0.00      0.00         0
  Class 2052       0.00      0.00      0.00         0
  Class 2053       0.00      0.00      0.00         0
  Class 2054       0.00      0.00      0.00         0
  Class 2055       0.00      0.00      0.00         4
  Class 2057       0.00      0.00      0.00         0
  Class 2058       0.33      0.14      0.20         7
  Class 2059       0.00      0.00      0.00         1
  Class 2060       0.00      0.00      0.00         1
  Class 2061       0.00      0.00      0.00         1
  Class 2062       0.00      0.00      0.00         1
  Class 2063       0.00      0.00      0.00         1
  Class 2064       0.00      0.00      0.00         2
  Class 2065       1.00      1.00      1.00         2
  Class 2066       0.00      0.00      0.00         0
  Class 2067       0.00      0.00      0.00         0
  Class 2068       0.00      0.00      0.00         1
  Class 2069       1.00      0.50      0.67         6
  Class 2070       0.00      0.00      0.00         0
  Class 2071       0.00      0.00      0.00         0
  Class 2072       0.00      0.00      0.00         0
  Class 2073       0.00      0.00      0.00         0
  Class 2074       0.00      0.00      0.00         1
  Class 2075       0.00      0.00      0.00         0
  Class 2076       0.00      0.00      0.00         1
  Class 2077       0.00      0.00      0.00         2
  Class 2078       0.00      0.00      0.00         0
  Class 2079       0.00      0.00      0.00         1
  Class 2082       0.00      0.00      0.00         1
  Class 2084       0.00      0.00      0.00         0
  Class 2085       0.00      0.00      0.00         5
  Class 2086       0.00      0.00      0.00         0
  Class 2087       0.00      0.00      0.00         1
  Class 2088       0.00      0.00      0.00         2
  Class 2089       0.00      0.00      0.00         0
  Class 2090       0.00      0.00      0.00         2
  Class 2091       0.00      0.00      0.00         0
  Class 2094       0.00      0.00      0.00         1
  Class 2095       0.00      0.00      0.00         0
  Class 2096       0.00      0.00      0.00         0
  Class 2097       0.00      0.00      0.00         0
  Class 2099       0.00      0.00      0.00         1
  Class 2100       0.00      0.00      0.00         1
  Class 2101       0.00      0.00      0.00         0
  Class 2103       0.00      0.00      0.00         3
  Class 2104       0.00      0.00      0.00         0
  Class 2105       0.00      0.00      0.00         0
  Class 2106       0.00      0.00      0.00         1
  Class 2107       0.00      0.00      0.00         3
  Class 2108       0.00      0.00      0.00         0
  Class 2109       0.00      0.00      0.00         1
  Class 2110       0.00      0.00      0.00         0
  Class 2111       0.00      0.00      0.00         0
  Class 2112       0.00      0.00      0.00         1
  Class 2113       0.00      0.00      0.00         0
  Class 2114       0.00      0.00      0.00         0
  Class 2115       0.00      0.00      0.00         0
  Class 2116       0.00      0.00      0.00         0
  Class 2117       0.00      0.00      0.00         0
  Class 2118       0.00      0.00      0.00         1
  Class 2119       0.00      0.00      0.00         1
  Class 2120       0.00      0.00      0.00         3
  Class 2121       0.00      0.00      0.00         0
  Class 2122       0.00      0.00      0.00         0
  Class 2123       0.67      1.00      0.80         4
  Class 2124       0.00      0.00      0.00         0
  Class 2125       0.00      0.00      0.00         0
  Class 2126       0.00      0.00      0.00         2
  Class 2128       0.00      0.00      0.00         0
  Class 2129       1.00      0.50      0.67         2
  Class 2130       0.00      0.00      0.00         1
  Class 2131       0.00      0.00      0.00         2
  Class 2132       0.00      0.00      0.00         2
  Class 2133       0.00      0.00      0.00         0
  Class 2134       0.00      0.00      0.00         0
  Class 2135       0.00      0.00      0.00         1
  Class 2136       0.00      0.00      0.00         0
  Class 2137       0.00      0.00      0.00         4
  Class 2138       0.00      0.00      0.00         0
  Class 2139       0.00      0.00      0.00         1
  Class 2142       0.00      0.00      0.00         4
  Class 2143       0.00      0.00      0.00         2
  Class 2146       0.00      0.00      0.00         0
  Class 2148       0.00      0.00      0.00         0
  Class 2149       0.00      0.00      0.00         0
  Class 2151       0.00      0.00      0.00         0
  Class 2155       0.00      0.00      0.00         0
  Class 2156       0.00      0.00      0.00         3
  Class 2159       0.00      0.00      0.00         0
  Class 2161       0.00      0.00      0.00         2
  Class 2163       0.00      0.00      0.00         1
  Class 2164       0.00      0.00      0.00         0
  Class 2166       0.00      0.00      0.00         0
  Class 2170       0.00      0.00      0.00         0
  Class 2171       0.00      0.00      0.00         1
  Class 2173       0.00      0.00      0.00         1
  Class 2175       0.00      0.00      0.00         1
  Class 2176       0.00      0.00      0.00         0
  Class 2179       0.00      0.00      0.00         2
  Class 2180       0.00      0.00      0.00         0
  Class 2181       0.00      0.00      0.00         1
  Class 2184       0.00      0.00      0.00         1
  Class 2185       0.00      0.00      0.00         0
  Class 2186       0.00      0.00      0.00         1
  Class 2187       0.00      0.00      0.00         0
  Class 2188       0.00      0.00      0.00         3
  Class 2189       0.00      0.00      0.00         1
  Class 2191       0.00      0.00      0.00         1
  Class 2192       0.00      0.00      0.00         0
  Class 2194       0.00      0.00      0.00         0
  Class 2195       0.00      0.00      0.00         0
  Class 2196       0.00      0.00      0.00         0
  Class 2197       0.00      0.00      0.00         0
  Class 2199       0.00      0.00      0.00         0
  Class 2202       0.00      0.00      0.00         0
  Class 2203       0.00      0.00      0.00         0
  Class 2204       0.00      0.00      0.00         0
  Class 2205       0.00      0.00      0.00         4
  Class 2208       0.50      0.11      0.18         9
  Class 2209       0.00      0.00      0.00         1
  Class 2210       0.00      0.00      0.00         1
  Class 2212       0.00      0.00      0.00         1
  Class 2213       0.00      0.00      0.00         0
  Class 2214       0.00      0.00      0.00         0
  Class 2215       0.00      0.00      0.00         0
  Class 2216       0.00      0.00      0.00         0
  Class 2217       0.00      0.00      0.00         0
  Class 2218       0.00      0.00      0.00         0
  Class 2219       0.00      0.00      0.00         0
  Class 2220       0.00      0.00      0.00         0
  Class 2222       0.67      0.44      0.53         9
  Class 2223       0.80      0.80      0.80         5
  Class 2224       0.00      0.00      0.00         0
  Class 2226       0.00      0.00      0.00         0
  Class 2227       0.00      0.00      0.00         0
  Class 2228       0.50      0.50      0.50         2
  Class 2231       0.00      0.00      0.00         1
  Class 2232       0.00      0.00      0.00         1
  Class 2233       0.00      0.00      0.00         0
  Class 2234       0.00      0.00      0.00         0
  Class 2235       0.00      0.00      0.00         0
  Class 2238       0.80      0.33      0.47        12
  Class 2240       0.00      0.00      0.00         2
  Class 2241       0.50      0.50      0.50         2
  Class 2242       0.00      0.00      0.00         1
  Class 2243       0.00      0.00      0.00         0
  Class 2244       0.00      0.00      0.00         2
  Class 2250       0.00      0.00      0.00         1
  Class 2251       1.00      1.00      1.00         1
  Class 2253       0.00      0.00      0.00         1
  Class 2254       0.20      0.33      0.25         3
  Class 2255       0.75      0.60      0.67         5
  Class 2256       0.00      0.00      0.00         2
  Class 2258       0.00      0.00      0.00         0
  Class 2259       0.00      0.00      0.00         0
  Class 2261       0.50      1.00      0.67         1
  Class 2263       0.00      0.00      0.00         0
  Class 2264       1.00      0.50      0.67         2
  Class 2265       0.00      0.00      0.00         1
  Class 2266       1.00      0.67      0.80         3
  Class 2268       0.00      0.00      0.00         1
  Class 2269       0.00      0.00      0.00         0
  Class 2270       0.00      0.00      0.00         0
  Class 2271       0.00      0.00      0.00         0
  Class 2272       0.00      0.00      0.00         0
  Class 2273       0.00      0.00      0.00         1
  Class 2274       0.00      0.00      0.00         0
  Class 2275       0.00      0.00      0.00         0
  Class 2277       0.00      0.00      0.00         1
  Class 2278       0.00      0.00      0.00         0
  Class 2279       0.00      0.00      0.00         1
  Class 2281       0.00      0.00      0.00         1
  Class 2282       0.00      0.00      0.00         0
  Class 2283       0.00      0.00      0.00         0
  Class 2284       0.67      1.00      0.80         6

    accuracy                           0.24      1692
   macro avg       0.07      0.06      0.06      1692
weighted avg       0.26      0.24      0.22      1692
