Classification Report for SVC with BoW (Single Split - chapter)
Accuracy: 0.2384

              precision    recall  f1-score   support

     Class 0       0.25      0.33      0.29         9
     Class 1       0.00      0.00      0.00         1
     Class 2       0.00      0.00      0.00         2
     Class 3       0.00      0.00      0.00         3
     Class 4       0.00      0.00      0.00         0
     Class 5       0.00      0.00      0.00         5
     Class 6       0.00      0.00      0.00         4
     Class 7       0.50      1.00      0.67         1
     Class 8       0.11      0.14      0.12         7
     Class 9       0.00      0.00      0.00         0
    Class 10       0.00      0.00      0.00         0
    Class 11       1.00      0.60      0.75         5
    Class 13       0.00      0.00      0.00         0
    Class 14       0.00      0.00      0.00         2
    Class 15       0.00      0.00      0.00         1
    Class 16       0.00      0.00      0.00         0
    Class 17       0.43      0.75      0.55         4
    Class 18       0.07      0.22      0.11         9
    Class 19       0.33      0.20      0.25         5
    Class 20       0.56      0.62      0.59         8
    Class 21       0.00      0.00      0.00         0
    Class 22       0.00      0.00      0.00         2
    Class 23       0.36      0.36      0.36        11
    Class 24       0.00      0.00      0.00         1
    Class 25       0.00      0.00      0.00         0
    Class 26       0.00      0.00      0.00         2
    Class 27       0.00      0.00      0.00         1
    Class 28       0.00      0.00      0.00         0
    Class 29       0.00      0.00      0.00         2
    Class 30       1.00      0.85      0.92        13
    Class 31       0.00      0.00      0.00         1
    Class 32       0.50      0.33      0.40         3
    Class 33       0.00      0.00      0.00         0
    Class 34       0.00      0.00      0.00         1
    Class 35       0.00      0.00      0.00         2
    Class 36       0.00      0.00      0.00         3
    Class 37       0.14      0.50      0.22         2
    Class 38       0.00      0.00      0.00         2
    Class 39       0.00      0.00      0.00         1
    Class 41       0.36      0.25      0.30        16
    Class 42       0.00      0.00      0.00         2
    Class 43       0.00      0.00      0.00         2
    Class 44       0.50      0.31      0.38        13
    Class 45       0.00      0.00      0.00         0
    Class 46       0.00      0.00      0.00         1
    Class 47       0.50      0.11      0.18         9
    Class 48       0.00      0.00      0.00         0
    Class 49       0.00      0.00      0.00         0
    Class 50       0.00      0.00      0.00         1
    Class 51       0.00      0.00      0.00         0
    Class 52       0.00      0.00      0.00         0
    Class 53       0.33      0.20      0.25         5
    Class 54       0.00      0.00      0.00         0
    Class 55       0.00      0.00      0.00         2
    Class 56       0.50      1.00      0.67         1
    Class 57       0.00      0.00      0.00         1
    Class 58       0.00      0.00      0.00         1
    Class 59       0.15      0.40      0.22         5
    Class 60       0.00      0.00      0.00         4
    Class 61       0.00      0.00      0.00         0
    Class 62       0.00      0.00      0.00         2
    Class 63       0.00      0.00      0.00         0
    Class 64       0.00      0.00      0.00         1
    Class 65       0.50      0.29      0.36         7
    Class 67       0.67      0.29      0.40         7
    Class 68       0.00      0.00      0.00         5
    Class 70       0.50      0.50      0.50         2
    Class 71       0.00      0.00      0.00         0
    Class 72       0.50      0.33      0.40         3
    Class 74       0.29      0.67      0.40         3
    Class 75       0.25      0.17      0.20         6
    Class 76       0.00      0.00      0.00         4
    Class 77       0.00      0.00      0.00         4
    Class 78       0.00      0.00      0.00         1
    Class 79       0.00      0.00      0.00         2
    Class 80       0.00      0.00      0.00         0
    Class 81       0.33      0.33      0.33         3
    Class 82       0.00      0.00      0.00         1
    Class 83       0.00      0.00      0.00         0
    Class 84       0.50      0.33      0.40         3
    Class 85       0.00      0.00      0.00         2
    Class 86       0.50      0.33      0.40         3
    Class 87       0.50      1.00      0.67         1
    Class 88       0.00      0.00      0.00         2
    Class 89       0.00      0.00      0.00         2
    Class 90       0.00      0.00      0.00         1
    Class 91       0.00      0.00      0.00         0
    Class 92       0.00      0.00      0.00         1
    Class 93       0.00      0.00      0.00         0
    Class 94       0.00      0.00      0.00         5
    Class 95       0.00      0.00      0.00         3
    Class 96       0.00      0.00      0.00         0
    Class 97       0.50      0.17      0.25         6
    Class 98       1.00      0.25      0.40         4
    Class 99       0.00      0.00      0.00         3
   Class 100       0.00      0.00      0.00         3
   Class 101       0.00      0.00      0.00         1
   Class 102       0.00      0.00      0.00         1
   Class 103       0.00      0.00      0.00         2
   Class 104       0.00      0.00      0.00         5
   Class 105       0.33      0.50      0.40         2
   Class 106       0.00      0.00      0.00         2
   Class 107       0.00      0.00      0.00         2
   Class 108       0.33      0.20      0.25         5
   Class 109       0.00      0.00      0.00         0
   Class 110       0.00      0.00      0.00         5
   Class 111       0.00      0.00      0.00         1
   Class 112       0.22      0.22      0.22         9
   Class 113       0.00      0.00      0.00         0
   Class 114       0.50      0.17      0.25         6
   Class 115       0.00      0.00      0.00         1
   Class 116       0.00      0.00      0.00         1
   Class 117       0.00      0.00      0.00         1
   Class 118       0.36      0.67      0.47         6
   Class 119       0.00      0.00      0.00         1
   Class 120       0.00      0.00      0.00         1
   Class 121       0.43      0.50      0.46         6
   Class 122       0.00      0.00      0.00         1
   Class 123       0.00      0.00      0.00         4
   Class 124       0.21      0.33      0.26         9
   Class 125       0.00      0.00      0.00         2
   Class 126       0.00      0.00      0.00         2
   Class 127       0.20      0.20      0.20         5
   Class 128       0.00      0.00      0.00         2
   Class 129       0.00      0.00      0.00         1
   Class 130       0.00      0.00      0.00         1
   Class 131       0.00      0.00      0.00         2
   Class 132       0.00      0.00      0.00         3
   Class 133       0.00      0.00      0.00         3
   Class 134       0.20      0.36      0.26        11
   Class 135       0.00      0.00      0.00         1
   Class 136       0.00      0.00      0.00         2
   Class 137       0.00      0.00      0.00         2
   Class 138       0.50      0.25      0.33         4
   Class 139       0.00      0.00      0.00         0
   Class 140       0.00      0.00      0.00         3
   Class 141       0.00      0.00      0.00         0
   Class 142       0.42      0.56      0.48         9
   Class 143       0.00      0.00      0.00         3
   Class 145       0.50      0.67      0.57         3
   Class 146       0.00      0.00      0.00         0
   Class 147       0.50      0.18      0.27        11
   Class 148       0.00      0.00      0.00         2
   Class 149       0.00      0.00      0.00         0
   Class 150       0.00      0.00      0.00         0
   Class 151       0.00      0.00      0.00         2
   Class 152       1.00      0.50      0.67         2
   Class 153       0.00      0.00      0.00         0
   Class 154       0.00      0.00      0.00         1
   Class 155       0.00      0.00      0.00         2
   Class 156       0.17      0.14      0.15         7
   Class 157       0.00      0.00      0.00         1
   Class 158       0.67      0.40      0.50         5
   Class 159       0.00      0.00      0.00         0
   Class 160       0.00      0.00      0.00         4
   Class 161       0.67      0.67      0.67        12
   Class 162       0.50      0.67      0.57         3
   Class 163       0.00      0.00      0.00         0
   Class 164       0.00      0.00      0.00         0
   Class 165       0.00      0.00      0.00         1
   Class 166       0.00      0.00      0.00         9
   Class 167       0.50      0.25      0.33         4
   Class 168       1.00      0.33      0.50         3
   Class 169       0.00      0.00      0.00         0
   Class 170       0.00      0.00      0.00         2
   Class 172       0.00      0.00      0.00         1
   Class 173       0.31      0.50      0.38        18
   Class 174       0.00      0.00      0.00         2
   Class 175       0.11      0.08      0.10        12
   Class 176       0.00      0.00      0.00         2
   Class 177       0.00      0.00      0.00         2
   Class 178       0.00      0.00      0.00         0
   Class 179       1.00      0.38      0.55         8
   Class 180       0.28      0.60      0.38        15
   Class 181       1.00      0.57      0.73         7
   Class 183       0.00      0.00      0.00         5
   Class 184       0.00      0.00      0.00         1
   Class 185       0.00      0.00      0.00         0
   Class 186       0.00      0.00      0.00         0
   Class 187       0.00      0.00      0.00         1
   Class 188       0.00      0.00      0.00         1
   Class 189       0.00      0.00      0.00         0
   Class 190       0.00      0.00      0.00         3
   Class 191       0.00      0.00      0.00         7
   Class 192       1.00      0.33      0.50         6
   Class 194       0.00      0.00      0.00         0
   Class 195       0.17      0.12      0.14         8
   Class 196       0.00      0.00      0.00         6
   Class 197       0.50      0.58      0.54        12
   Class 198       0.00      0.00      0.00         5
   Class 199       0.75      0.67      0.71         9
   Class 200       0.00      0.00      0.00         1
   Class 201       0.25      0.33      0.29         3
   Class 202       0.50      0.50      0.50         2
   Class 203       0.00      0.00      0.00         3
   Class 204       0.00      0.00      0.00         2
   Class 205       0.00      0.00      0.00         1
   Class 206       0.00      0.00      0.00         5
   Class 207       0.00      0.00      0.00         1
   Class 208       1.00      0.20      0.33         5
   Class 209       0.00      0.00      0.00         2
   Class 210       0.00      0.00      0.00         0
   Class 211       0.00      0.00      0.00         4
   Class 212       0.00      0.00      0.00         2
   Class 213       0.00      0.00      0.00         0
   Class 214       0.00      0.00      0.00         0
   Class 216       0.00      0.00      0.00         1
   Class 217       0.00      0.00      0.00         4
   Class 218       0.00      0.00      0.00        10
   Class 219       1.00      0.33      0.50         3
   Class 220       0.00      0.00      0.00         1
   Class 221       0.00      0.00      0.00         0
   Class 222       0.00      0.00      0.00         0
   Class 223       0.00      0.00      0.00         0
   Class 224       0.12      0.20      0.15        10
   Class 225       0.00      0.00      0.00         3
   Class 226       0.00      0.00      0.00         2
   Class 227       0.00      0.00      0.00         1
   Class 228       0.50      0.50      0.50         2
   Class 229       0.00      0.00      0.00         4
   Class 230       0.54      0.54      0.54        13
   Class 231       0.00      0.00      0.00         0
   Class 232       0.00      0.00      0.00         1
   Class 234       0.00      0.00      0.00         1
   Class 235       0.00      0.00      0.00         0
   Class 236       0.00      0.00      0.00         1
   Class 237       0.00      0.00      0.00         1
   Class 238       0.00      0.00      0.00         1
   Class 239       0.00      0.00      0.00         2
   Class 240       0.00      0.00      0.00         6
   Class 241       0.00      0.00      0.00         0
   Class 242       0.33      0.25      0.29         4
   Class 243       0.00      0.00      0.00         4
   Class 244       0.00      0.00      0.00         0
   Class 245       0.00      0.00      0.00         5
   Class 246       0.00      0.00      0.00         0
   Class 247       0.00      0.00      0.00         0
   Class 248       0.14      0.29      0.19         7
   Class 249       0.00      0.00      0.00         1
   Class 250       0.00      0.00      0.00         1
   Class 251       0.25      0.17      0.20         6
   Class 252       0.00      0.00      0.00         0
   Class 253       0.00      0.00      0.00         1
   Class 254       0.00      0.00      0.00         1
   Class 255       0.00      0.00      0.00         0
   Class 256       0.00      0.00      0.00         0
   Class 257       0.00      0.00      0.00         0
   Class 258       0.83      0.62      0.71         8
   Class 259       0.00      0.00      0.00         0
   Class 260       0.00      0.00      0.00         0
   Class 261       0.00      0.00      0.00         0
   Class 262       0.00      0.00      0.00         1
   Class 263       0.08      0.17      0.11         6
   Class 264       0.20      0.33      0.25         3
   Class 265       0.00      0.00      0.00        10
   Class 266       0.50      0.50      0.50         2
   Class 267       0.50      0.25      0.33         4
   Class 268       1.00      0.50      0.67         2
   Class 269       0.00      0.00      0.00         0
   Class 270       0.50      0.33      0.40         3
   Class 271       0.00      0.00      0.00         2
   Class 272       0.00      0.00      0.00         2
   Class 273       1.00      0.67      0.80         3
   Class 274       0.00      0.00      0.00         3
   Class 275       0.00      0.00      0.00         4
   Class 276       0.00      0.00      0.00         2
   Class 277       0.00      0.00      0.00         1
   Class 278       0.00      0.00      0.00         1
   Class 279       0.00      0.00      0.00         4
   Class 280       0.00      0.00      0.00         7
   Class 281       1.00      0.67      0.80         3
   Class 282       0.00      0.00      0.00         1
   Class 283       0.50      0.11      0.18         9
   Class 284       0.00      0.00      0.00         4
   Class 285       0.00      0.00      0.00         1
   Class 286       0.00      0.00      0.00         5
   Class 287       0.00      0.00      0.00         2
   Class 288       0.08      0.33      0.12         3
   Class 289       0.00      0.00      0.00         1
   Class 290       0.17      0.50      0.25         2
   Class 291       0.00      0.00      0.00         1
   Class 292       0.00      0.00      0.00         2
   Class 293       0.00      0.00      0.00         1
   Class 294       0.00      0.00      0.00         2
   Class 295       0.33      0.25      0.29         4
   Class 296       0.00      0.00      0.00         1
   Class 297       0.00      0.00      0.00         0
   Class 298       0.00      0.00      0.00         1
   Class 299       0.00      0.00      0.00         0
   Class 300       0.00      0.00      0.00         0
   Class 301       0.42      0.60      0.49        25
   Class 303       0.00      0.00      0.00         5
   Class 304       0.00      0.00      0.00         3
   Class 305       0.00      0.00      0.00         1
   Class 306       0.00      0.00      0.00         2
   Class 307       0.00      0.00      0.00         1
   Class 308       0.00      0.00      0.00         0
   Class 309       0.00      0.00      0.00         1
   Class 310       0.00      0.00      0.00         2
   Class 311       0.00      0.00      0.00         6
   Class 312       0.33      0.50      0.40         2
   Class 313       0.00      0.00      0.00         0
   Class 314       0.00      0.00      0.00         1
   Class 315       0.00      0.00      0.00         0
   Class 316       1.00      1.00      1.00         2
   Class 318       0.21      0.38      0.27         8
   Class 319       0.00      0.00      0.00         0
   Class 320       0.00      0.00      0.00         0
   Class 321       0.00      0.00      0.00         5
   Class 322       0.00      0.00      0.00         0
   Class 323       0.00      0.00      0.00         1
   Class 324       0.12      0.30      0.17        10
   Class 325       0.00      0.00      0.00         0
   Class 326       0.00      0.00      0.00         3
   Class 327       0.00      0.00      0.00         5
   Class 328       0.00      0.00      0.00         1
   Class 329       0.50      0.25      0.33         4
   Class 330       0.00      0.00      0.00         0
   Class 331       0.69      0.78      0.74        32
   Class 332       0.67      0.20      0.31        10
   Class 333       0.00      0.00      0.00         1
   Class 334       0.00      0.00      0.00         4
   Class 335       0.00      0.00      0.00         5
   Class 336       0.00      0.00      0.00         6
   Class 337       0.75      0.60      0.67         5
   Class 338       0.00      0.00      0.00         0
   Class 339       0.00      0.00      0.00         0
   Class 340       0.00      0.00      0.00         4
   Class 341       0.00      0.00      0.00         1
   Class 342       0.00      0.00      0.00         2
   Class 343       0.00      0.00      0.00         1
   Class 345       0.00      0.00      0.00         2
   Class 346       0.00      0.00      0.00         1
   Class 347       0.00      0.00      0.00         0
   Class 348       0.50      1.00      0.67         1
   Class 349       0.00      0.00      0.00         3
   Class 350       0.00      0.00      0.00         2
   Class 351       0.00      0.00      0.00         1
   Class 352       0.00      0.00      0.00         1
   Class 353       0.00      0.00      0.00         1
   Class 354       0.00      0.00      0.00         5
   Class 355       0.50      0.40      0.44         5
   Class 356       0.50      0.25      0.33         4
   Class 357       0.00      0.00      0.00         1
   Class 358       0.00      0.00      0.00         3
   Class 360       0.30      0.23      0.26        13
   Class 361       0.00      0.00      0.00         3
   Class 362       0.00      0.00      0.00         1
   Class 363       0.40      0.20      0.27        10
   Class 364       0.00      0.00      0.00         0
   Class 365       0.00      0.00      0.00         1
   Class 366       0.33      0.29      0.31        14
   Class 367       0.00      0.00      0.00         9
   Class 368       0.67      0.67      0.67         3
   Class 369       0.00      0.00      0.00         1
   Class 370       0.00      0.00      0.00         0
   Class 371       0.33      0.60      0.43         5
   Class 372       0.00      0.00      0.00         1
   Class 373       0.33      0.25      0.29         4
   Class 374       0.00      0.00      0.00         1
   Class 375       0.00      0.00      0.00         1
   Class 377       0.00      0.00      0.00         3
   Class 378       0.00      0.00      0.00         2
   Class 379       0.00      0.00      0.00         6
   Class 380       0.00      0.00      0.00         2
   Class 381       0.67      0.67      0.67         6
   Class 382       1.00      0.25      0.40         4
   Class 383       0.00      0.00      0.00         1
   Class 384       0.29      0.22      0.25         9
   Class 385       0.00      0.00      0.00         3
   Class 386       0.00      0.00      0.00         5
   Class 387       0.50      0.50      0.50         4
   Class 388       0.00      0.00      0.00         2

    accuracy                           0.24      1141
   macro avg       0.13      0.12      0.11      1141
weighted avg       0.27      0.24      0.24      1141
