Classification Report for SVM_TFIDF_chapter (Single Run)
Accuracy: 0.6553

              precision    recall  f1-score   support

     Class 0       0.79      0.70      0.75        27
     Class 1       0.73      0.69      0.71        16
     Class 2       1.00      0.20      0.33         5
     Class 3       0.50      0.54      0.52        13
     Class 4       0.00      0.00      0.00         1
     Class 5       0.64      0.64      0.64        14
     Class 6       0.48      0.71      0.57        17
     Class 7       0.64      0.75      0.69        12
     Class 8       0.38      0.84      0.53        37
     Class 9       0.75      1.00      0.86         3
    Class 10       1.00      0.25      0.40         4
    Class 11       0.87      0.91      0.89        22
    Class 13       0.00      0.00      0.00         1
    Class 14       0.73      0.52      0.61        21
    Class 15       0.67      0.50      0.57         4
    Class 16       0.00      0.00      0.00         4
    Class 17       0.90      0.64      0.75        28
    Class 18       0.38      0.66      0.48        41
    Class 19       0.85      0.61      0.71        18
    Class 20       0.68      0.76      0.72        34
    Class 21       0.00      0.00      0.00         1
    Class 22       1.00      0.80      0.89         5
    Class 23       0.29      0.53      0.38        36
    Class 24       1.00      0.25      0.40         4
    Class 25       1.00      0.50      0.67         6
    Class 26       0.25      0.29      0.27        14
    Class 27       0.88      0.78      0.82         9
    Class 28       0.83      0.83      0.83         6
    Class 29       0.50      0.25      0.33         8
    Class 30       0.96      0.96      0.96        56
    Class 31       0.80      0.31      0.44        13
    Class 32       0.93      1.00      0.96        13
    Class 33       0.00      0.00      0.00         2
    Class 34       0.75      0.25      0.38        12
    Class 35       1.00      0.29      0.44         7
    Class 36       0.78      0.50      0.61        14
    Class 37       0.60      0.75      0.67         8
    Class 38       1.00      0.38      0.55         8
    Class 39       0.27      0.83      0.41        12
    Class 41       0.59      0.72      0.65        57
    Class 42       0.75      0.33      0.46         9
    Class 43       0.75      0.43      0.55         7
    Class 44       0.73      0.82      0.77        44
    Class 45       0.00      0.00      0.00         1
    Class 46       0.00      0.00      0.00         2
    Class 47       0.64      0.68      0.66        31
    Class 48       0.00      0.00      0.00         3
    Class 49       0.71      0.62      0.67         8
    Class 50       0.00      0.00      0.00         2
    Class 51       1.00      0.40      0.57         5
    Class 52       0.80      0.67      0.73         6
    Class 53       0.68      0.65      0.67        20
    Class 54       0.00      0.00      0.00         7
    Class 55       0.67      0.55      0.60        11
    Class 56       0.80      0.36      0.50        11
    Class 57       0.00      0.00      0.00         2
    Class 58       0.00      0.00      0.00         2
    Class 59       0.51      0.68      0.58        28
    Class 60       1.00      0.29      0.44         7
    Class 61       0.00      0.00      0.00         1
    Class 62       1.00      0.40      0.57         5
    Class 63       1.00      0.60      0.75         5
    Class 64       0.75      0.75      0.75         8
    Class 65       1.00      0.73      0.84        26
    Class 67       0.56      0.50      0.53        30
    Class 68       0.41      0.63      0.50        38
    Class 70       0.80      0.55      0.65        22
    Class 71       1.00      0.50      0.67         4
    Class 72       0.64      0.64      0.64        11
    Class 74       0.60      0.75      0.67        40
    Class 75       0.66      0.70      0.68        27
    Class 76       0.92      0.69      0.79        16
    Class 77       0.67      0.60      0.63        10
    Class 78       0.64      0.82      0.72        11
    Class 79       0.64      0.50      0.56        18
    Class 80       0.75      0.43      0.55         7
    Class 81       0.94      0.94      0.94        33
    Class 82       1.00      0.60      0.75         5
    Class 83       0.00      0.00      0.00         3
    Class 84       0.90      0.82      0.86        22
    Class 85       0.58      0.70      0.64        10
    Class 86       0.90      0.75      0.82        12
    Class 87       0.55      0.46      0.50        13
    Class 88       0.86      0.75      0.80         8
    Class 89       0.25      0.20      0.22         5
    Class 90       0.00      0.00      0.00         2
    Class 91       0.00      0.00      0.00         3
    Class 92       0.00      0.00      0.00         6
    Class 93       0.85      0.81      0.83        21
    Class 94       0.43      0.33      0.38         9
    Class 95       0.75      0.83      0.79        18
    Class 96       0.00      0.00      0.00         1
    Class 97       0.25      0.35      0.29        17
    Class 98       0.69      0.60      0.64        15
    Class 99       0.86      0.55      0.67        22
   Class 100       1.00      0.33      0.50         9
   Class 101       0.00      0.00      0.00         1
   Class 102       0.00      0.00      0.00         3
   Class 103       1.00      0.75      0.86         4
   Class 104       0.67      0.56      0.61        18
   Class 105       0.33      0.10      0.15        10
   Class 106       0.43      0.27      0.33        11
   Class 107       0.86      0.55      0.67        11
   Class 108       0.86      0.52      0.65        23
   Class 109       1.00      0.33      0.50         6
   Class 110       1.00      0.62      0.77        16
   Class 111       1.00      0.33      0.50         6
   Class 112       0.52      0.78      0.62        41
   Class 113       0.00      0.00      0.00         2
   Class 114       0.70      0.29      0.41        24
   Class 115       0.86      1.00      0.92         6
   Class 116       0.00      0.00      0.00         4
   Class 117       1.00      0.60      0.75         5
   Class 118       0.80      0.97      0.88        29
   Class 119       1.00      0.20      0.33         5
   Class 120       1.00      0.20      0.33         5
   Class 121       0.76      0.56      0.64        34
   Class 122       0.71      0.71      0.71        17
   Class 123       0.80      0.44      0.57         9
   Class 124       0.45      0.66      0.54        50
   Class 125       1.00      0.33      0.50         6
   Class 126       1.00      0.33      0.50         6
   Class 127       0.48      0.69      0.56        29
   Class 128       0.92      0.65      0.76        17
   Class 129       0.00      0.00      0.00         2
   Class 130       0.00      0.00      0.00         1
   Class 131       0.80      0.62      0.70        13
   Class 132       1.00      0.53      0.69        17
   Class 133       0.62      0.45      0.53        11
   Class 134       0.32      0.62      0.42        50
   Class 135       0.00      0.00      0.00         2
   Class 136       1.00      0.62      0.77         8
   Class 137       0.00      0.00      0.00         3
   Class 138       0.60      0.52      0.56        23
   Class 139       1.00      0.50      0.67         2
   Class 140       0.91      0.56      0.69        18
   Class 141       1.00      0.33      0.50         3
   Class 142       0.56      0.78      0.65        51
   Class 143       0.67      0.60      0.63        10
   Class 145       0.80      0.86      0.83        28
   Class 146       1.00      0.20      0.33         5
   Class 147       0.66      0.78      0.71        49
   Class 148       0.80      0.80      0.80        15
   Class 149       1.00      0.43      0.60         7
   Class 150       0.58      0.64      0.61        11
   Class 151       0.77      0.56      0.65        18
   Class 152       1.00      0.75      0.86        16
   Class 153       0.00      0.00      0.00         3
   Class 154       0.00      0.00      0.00         1
   Class 155       0.85      0.58      0.69        19
   Class 156       0.58      0.67      0.62        27
   Class 157       1.00      0.43      0.60         7
   Class 158       0.83      0.73      0.78        26
   Class 159       1.00      1.00      1.00         1
   Class 160       0.91      0.67      0.77        15
   Class 161       0.75      0.91      0.83        57
   Class 162       0.64      0.78      0.70        18
   Class 163       1.00      0.25      0.40         4
   Class 164       0.00      0.00      0.00         1
   Class 165       1.00      0.33      0.50         9
   Class 166       0.74      0.76      0.75        34
   Class 167       0.56      0.67      0.61        27
   Class 168       0.94      0.85      0.89        20
   Class 169       1.00      0.20      0.33         5
   Class 170       0.50      0.33      0.40         3
   Class 171       0.00      0.00      0.00         0
   Class 172       0.00      0.00      0.00         3
   Class 173       0.58      0.83      0.68        71
   Class 174       1.00      0.33      0.50        12
   Class 175       0.56      0.59      0.58        37
   Class 176       0.67      0.15      0.25        13
   Class 177       1.00      0.64      0.78        11
   Class 178       1.00      0.17      0.29         6
   Class 179       1.00      0.77      0.87        31
   Class 180       0.41      0.88      0.56        84
   Class 181       0.38      0.52      0.44        23
   Class 183       0.71      0.83      0.77        24
   Class 184       1.00      0.25      0.40         4
   Class 185       0.00      0.00      0.00         1
   Class 186       0.00      0.00      0.00         1
   Class 187       0.00      0.00      0.00         3
   Class 188       0.00      0.00      0.00         2
   Class 189       0.00      0.00      0.00         3
   Class 190       0.71      0.62      0.67         8
   Class 191       0.50      0.44      0.47        16
   Class 192       0.94      0.64      0.76        25
   Class 194       0.00      0.00      0.00         0
   Class 195       0.67      0.83      0.74        36
   Class 196       0.47      0.64      0.55        14
   Class 197       0.92      0.90      0.91        62
   Class 198       0.79      0.58      0.67        19
   Class 199       0.86      0.59      0.70        32
   Class 200       1.00      0.50      0.67         2
   Class 201       1.00      0.95      0.98        22
   Class 202       0.71      0.50      0.59        10
   Class 203       1.00      0.47      0.64        15
   Class 204       0.88      0.70      0.78        10
   Class 205       1.00      0.64      0.78        11
   Class 206       0.78      0.58      0.67        12
   Class 207       1.00      0.60      0.75         5
   Class 208       0.83      0.56      0.67         9
   Class 209       1.00      0.17      0.29         6
   Class 210       0.00      0.00      0.00         3
   Class 211       0.61      0.73      0.67        15
   Class 212       0.00      0.00      0.00         4
   Class 213       0.00      0.00      0.00         1
   Class 214       0.00      0.00      0.00         2
   Class 216       1.00      0.67      0.80         3
   Class 217       1.00      0.56      0.71         9
   Class 218       0.83      0.62      0.71        47
   Class 219       1.00      0.70      0.82        10
   Class 220       0.50      0.11      0.18         9
   Class 221       0.00      0.00      0.00         1
   Class 222       0.00      0.00      0.00         6
   Class 223       0.00      0.00      0.00         3
   Class 224       0.58      0.75      0.66        53
   Class 225       0.75      0.60      0.67        15
   Class 226       1.00      0.12      0.22         8
   Class 227       0.50      0.20      0.29         5
   Class 228       0.82      0.75      0.78        12
   Class 229       1.00      0.72      0.84        18
   Class 230       0.75      0.92      0.83        63
   Class 231       0.00      0.00      0.00         1
   Class 232       1.00      0.20      0.33        10
   Class 234       0.33      0.09      0.14        11
   Class 235       0.00      0.00      0.00         2
   Class 236       0.00      0.00      0.00         9
   Class 237       0.33      0.25      0.29         8
   Class 238       0.00      0.00      0.00         4
   Class 239       0.78      0.88      0.82         8
   Class 240       0.85      0.81      0.83        21
   Class 241       0.00      0.00      0.00         2
   Class 242       1.00      0.78      0.88        18
   Class 243       1.00      0.64      0.78        11
   Class 244       0.78      0.78      0.78         9
   Class 245       0.71      0.71      0.71        24
   Class 246       1.00      0.33      0.50         3
   Class 247       1.00      0.57      0.73         7
   Class 248       0.49      0.80      0.61        55
   Class 249       0.80      0.50      0.62         8
   Class 250       0.50      0.09      0.15        11
   Class 251       0.93      0.76      0.84        34
   Class 252       1.00      0.25      0.40         4
   Class 253       0.33      0.50      0.40         4
   Class 254       1.00      0.67      0.80         3
   Class 255       0.00      0.00      0.00         4
   Class 256       0.00      0.00      0.00         2
   Class 257       1.00      0.83      0.91         6
   Class 258       0.86      0.86      0.86        21
   Class 259       1.00      0.14      0.25         7
   Class 260       0.00      0.00      0.00         1
   Class 261       0.00      0.00      0.00         1
   Class 262       1.00      0.25      0.40         4
   Class 263       0.31      0.71      0.43        48
   Class 264       0.82      0.74      0.78        31
   Class 265       0.42      0.76      0.54        63
   Class 266       0.88      0.75      0.81        20
   Class 267       0.58      0.61      0.59        18
   Class 268       1.00      0.67      0.80         9
   Class 269       0.00      0.00      0.00         1
   Class 270       1.00      0.39      0.56        18
   Class 271       0.67      0.43      0.52        14
   Class 272       0.00      0.00      0.00         3
   Class 273       0.83      0.71      0.77        14
   Class 274       1.00      0.67      0.80         9
   Class 275       0.47      0.57      0.52        14
   Class 276       0.00      0.00      0.00         4
   Class 277       0.00      0.00      0.00         4
   Class 278       1.00      0.50      0.67         2
   Class 279       0.70      0.54      0.61        13
   Class 280       0.65      0.62      0.64        24
   Class 281       1.00      0.62      0.77        16
   Class 282       0.00      0.00      0.00         1
   Class 283       0.43      0.56      0.48        27
   Class 284       0.48      0.52      0.50        21
   Class 285       1.00      0.57      0.73         7
   Class 286       0.83      0.33      0.48        15
   Class 287       0.72      0.74      0.73        31
   Class 288       0.73      0.73      0.73        22
   Class 289       0.71      0.45      0.56        11
   Class 290       0.78      0.78      0.78        23
   Class 291       0.40      0.25      0.31         8
   Class 292       0.53      0.57      0.55        30
   Class 293       0.67      0.29      0.40         7
   Class 294       0.80      0.67      0.73         6
   Class 295       1.00      0.42      0.59        19
   Class 296       0.33      0.20      0.25         5
   Class 297       0.00      0.00      0.00         0
   Class 298       0.00      0.00      0.00         4
   Class 299       1.00      0.25      0.40         4
   Class 300       0.00      0.00      0.00         2
   Class 301       0.75      0.94      0.83       152
   Class 303       0.71      0.50      0.59        10
   Class 304       0.67      0.29      0.40         7
   Class 305       0.71      0.56      0.62        18
   Class 306       1.00      0.50      0.67        12
   Class 307       0.00      0.00      0.00         1
   Class 308       1.00      0.25      0.40         4
   Class 309       0.00      0.00      0.00         8
   Class 310       1.00      0.33      0.50         6
   Class 311       0.65      0.65      0.65        17
   Class 312       1.00      0.60      0.75        15
   Class 313       1.00      0.50      0.67         4
   Class 314       0.86      1.00      0.92        12
   Class 315       0.00      0.00      0.00         3
   Class 316       0.89      0.80      0.84        10
   Class 317       0.00      0.00      0.00         0
   Class 318       0.53      0.72      0.61        43
   Class 319       1.00      0.93      0.96        14
   Class 320       0.00      0.00      0.00         0
   Class 321       0.79      0.69      0.73        16
   Class 322       0.67      0.33      0.44         6
   Class 323       0.67      0.29      0.40         7
   Class 324       0.50      0.76      0.60        55
   Class 325       0.31      0.36      0.33        11
   Class 326       0.52      0.75      0.62        16
   Class 327       0.52      0.63      0.57        27
   Class 328       0.00      0.00      0.00         1
   Class 329       0.67      0.50      0.57        16
   Class 330       1.00      0.33      0.50         3
   Class 331       0.71      0.96      0.82       158
   Class 332       0.65      0.78      0.70        40
   Class 333       0.92      0.86      0.89        14
   Class 334       0.71      0.60      0.65        20
   Class 335       0.89      0.80      0.84        20
   Class 336       0.88      0.35      0.50        20
   Class 337       0.89      0.73      0.80        22
   Class 338       0.00      0.00      0.00         2
   Class 339       1.00      0.44      0.62         9
   Class 340       0.45      0.42      0.43        12
   Class 341       1.00      0.56      0.71         9
   Class 342       1.00      0.33      0.50         6
   Class 343       0.00      0.00      0.00         1
   Class 344       0.00      0.00      0.00         0
   Class 345       0.88      0.71      0.79        21
   Class 346       0.00      0.00      0.00         2
   Class 347       0.00      0.00      0.00         2
   Class 348       0.71      0.71      0.71         7
   Class 349       0.84      0.67      0.74        24
   Class 350       0.50      0.50      0.50        14
   Class 351       0.00      0.00      0.00         6
   Class 352       0.33      0.33      0.33         6
   Class 353       1.00      1.00      1.00        13
   Class 354       0.84      0.76      0.80        21
   Class 355       0.73      0.65      0.69        17
   Class 356       0.81      0.74      0.77        23
   Class 357       0.86      0.96      0.91        26
   Class 358       0.50      0.10      0.17        10
   Class 360       0.62      0.88      0.73        72
   Class 361       1.00      0.71      0.83         7
   Class 362       0.00      0.00      0.00         2
   Class 363       0.58      0.66      0.62        38
   Class 364       0.50      0.40      0.44         5
   Class 365       0.83      0.56      0.67         9
   Class 366       0.65      0.66      0.65        50
   Class 367       0.89      0.77      0.83        22
   Class 368       1.00      0.63      0.77        19
   Class 369       0.00      0.00      0.00         3
   Class 370       0.00      0.00      0.00         2
   Class 371       0.67      0.82      0.74        38
   Class 372       1.00      0.71      0.83         7
   Class 373       0.33      0.23      0.27        13
   Class 374       1.00      0.33      0.50         3
   Class 375       1.00      0.20      0.33         5
   Class 377       0.00      0.00      0.00         9
   Class 378       1.00      0.25      0.40         4
   Class 379       0.78      0.78      0.78        27
   Class 380       0.70      0.70      0.70        10
   Class 381       0.78      0.72      0.75        25
   Class 382       0.39      0.37      0.38        19
   Class 383       0.80      0.57      0.67         7
   Class 384       0.83      0.80      0.82        50
   Class 385       0.00      0.00      0.00         7
   Class 386       1.00      0.58      0.74        12
   Class 387       0.85      0.76      0.80        29
   Class 388       0.38      0.50      0.43        12

    accuracy                           0.66      5706
   macro avg       0.61      0.46      0.50      5706
weighted avg       0.69      0.66      0.64      5706
